0.012055271938104427,0.007206850130552637,-9.709555746313658e-05,-0.00040261322064173884,0.008938390142074981,0.009624611080578882,0.0024375887057310752,0.001466822357241404,0.006913035880287355,0.0063258574290425695,2.4890165001262288e-05,0.000507973153953234,0.0005887367045030734,-0.0006997255314194761,0.07347256134447543,0.043473617672043594,0.005725852755762177,0.007989122036967883,0.0,0.014364050073053483
0.012369125398586887,0.006961403431183942,0.0002849224996068038,-0.0006894901309450613,0.011361727621279405,0.007249987276491732,0.002156247518442023,0.001116375589752594,0.000589076041697667,0.028239284316261104,8.537052738788464e-06,0.0005023225417998267,-0.0006158687399176188,1.0838688963649146e-05,0.07365278678093565,0.04313312818668818,0.005725717230317729,0.007993078154079306,0.0011514542223918147,0.014720505942809622
0.012444647858696476,0.007379066798363119,0.0003694850510157898,-0.00022659700969242507,0.009514812127078498,0.007175238597248557,0.00042832633349276783,0.0019040495009332136,0.016723008166113273,0.01290007242737301,-1.912098536036022e-05,0.0005526180596280295,-0.00012438930341696075,0.0015733514310988794,0.07392828451553354,0.04499902562212797,0.005726034619279636,0.007989228273590897,0.0,0.015307876627704789
0.012530414316457912,0.007113770274576956,0.0004883563028181288,-0.00044199323170394933,0.011267310305434375,0.007928954564386581,1.5054906885836328e-05,0.002333430459588182,0.006351834034103221,-0.0017062782811476662,-8.88064656411891e-05,0.0006110934513394728,-0.0005655887418274663,0.0013987261679632712,0.07429834821171694,0.04921631572794844,0.005725992077106981,0.007995363955878526,0.019899146886465765,0.01612415468358025
0.013210409457846474,0.007316908599417488,0.0011260963920496636,-0.00013075295953283127,0.011963562907692182,0.007659837513132928,-1.297933841293286e-07,0.0011674682518463375,-0.00874838972988945,-0.005639769605291001,-3.19639263675342e-05,0.000652090354823498,-0.00028810094149131493,0.0008701065910657613,0.07476208741872603,0.055771960615937824,0.005721105597590883,0.008002261054661366,0.027880223883435206,0.017166653541611655
0.01327572375342581,0.008249008346823315,0.0010448272791819795,0.0005639289173376043,0.012150634956406892,0.008226733398941422,0.0002793518936819783,0.0024759703214692454,0.010933559893457456,0.01832607268134434,-9.189475891194232e-05,0.0007628672359520916,-8.92909803666686e-05,0.0020203148510330726,0.07531842694568094,0.05435387299766397,0.0057163931774044776,0.008034070308905244,0.01838996434006015,0.018432028622738537
0.01326752030123371,0.009090960099716366,0.0011052533646650035,0.0013970286848359516,0.013217114501497873,0.010116532250765031,-0.00024863485616103407,0.0018608602128923012,-0.0035378240095729208,-0.004633462539503697,-7.983786139476035e-05,0.0008624344950250995,-0.0005794463984893639,0.000856257813803496,0.07596611356928601,0.057497255916662854,0.00570868524085837,0.008049833894415947,0.019224031221644247,0.019916303169780297
0.013227373693937814,0.010043157966171626,0.0012200007607285242,0.002528153295474257,0.012204245794700253,0.009249009028860389,0.0002994665456254042,0.0027648137831237764,-0.0019274342495441132,0.0018060072790724302,-6.798327081419808e-05,0.0009058345319487016,-0.0003036141141772586,0.001987663502424325,0.07670372909561039,0.05861966436480041,0.005708146625961789,0.008055241441046827,0.031916899614470015,0.021614898427811904
0.01328227503467183,0.01027835654405581,0.001214207859013038,0.0027721401716687905,0.00833384466907705,0.010130923990880225,-0.0025671637122637093,-0.0008610729957758356,-0.004303664055345768,-0.004037921235152897,-2.4990939949648405e-05,0.0010404442479310383,-0.0005209171848752914,-7.001439254553099e-05,0.07752970751251445,0.05577871834184586,0.005705860754877224,0.00807011123539322,0.0044318748685442735,0.023522667750043795
0.013207366153117952,0.01091315493869081,0.001113593944672647,0.0034461245041198752,0.007381836291652233,0.011935285880320112,-0.0029310212325597495,-0.0015343794829677294,0.0010651069919689338,0.013192696826642925,0.00010105363129780942,0.0012210222040011098,0.00028809012500077835,0.002461305552344778,0.07844235336581055,0.05509133457180791,0.005704658256850711,0.008091498111016952,0.0015895498399325692,0.0256339341625525
0.013570060698586638,0.011751904508666883,0.0014752112256088863,0.004159470690977048,0.007528610797224555,0.011788496559450357,-0.0016133335272860982,0.00023204544297541485,-0.004070428417783711,0.009013292217261215,1.633220522326284e-05,0.00127627039122169,0.0002469845956477035,0.000560523864953616,0.07943985862340902,0.05843522830985214,0.005706948330767088,0.00811600080574393,0.0,0.02794253088740394
0.013497035545552979,0.012188801761273089,0.0013585226427988116,0.0045504772583997,0.003601739437497864,0.012358445152720998,-0.004444414081092562,-0.001769743888400155,-0.00059113300010738,0.013589433966799236,2.3710763552398095e-05,0.0014617612095005894,-0.00014167423429911619,0.0023296649826524407,0.08052031605412575,0.05591598809688483,0.005710619592197706,0.008120985163587087,0.007981369166822471,0.03044184430036482
0.013577660810693493,0.012890424267455326,0.0014045390489072947,0.005163581316711422,0.0032987788198690637,0.014867164794529542,-0.004321802472740599,-0.0023309546530516532,-0.0008316183458689785,0.0016082515786612905,4.1060214498955805e-05,0.0016129587980141524,2.5548947181819326e-05,0.0036103277683785795,0.08168172827918559,0.060058117806201336,0.005709038151972945,0.008126312641509875,0.01889782680907675,0.03312485878654844
0.013298127394478401,0.013793814281276993,0.0011803574361950054,0.0060526566135805674,0.0015348308111733378,0.011259056332285855,-0.0026833826807359682,-0.00024905453243934117,0.006546576912957236,0.003102943063950092,4.356379553233092e-05,0.0017859576700176572,0.0006220381058572866,0.004793973114850469,0.08292201279902252,0.06337500850816753,0.005713575558847065,0.00813147068608555,0.008852624616893533,0.03598420295474628
0.01309454525219438,0.01441182917575997,0.0009128444992297126,0.00677054785647857,-0.000925964735537077,0.009432959427129406,-0.0029946702791666,0.0006611824026901303,0.0022684508160633055,0.010556245460501046,-1.2308370530622614e-05,0.001738544917978313,0.00026319530656068735,0.004249279448256371,0.08423900413005744,0.06500771475820345,0.005716984895736902,0.008174413369298066,0.009933835184204933,0.039012196678337385
0.013377781660142786,0.014825888703101742,0.0010946837254783189,0.007214709635414368,-0.002581860672338232,0.009135155583085197,-0.0026491345344242688,0.0011528028299928272,0.0052312561835476945,0.006060257013663639,6.72219637058713e-05,0.0015994363607733098,0.0010804837168217063,0.004302918988572213,0.08563045452821987,0.0646502637734202,0.005717442892682702,0.008188138391579006,0.009764697304757791,0.04220089844679531
0.013286050337610439,0.016259134484293912,0.001040926652357872,0.008646162015823453,-0.0011335867038075875,0.01735949856208774,-0.0034218657530854625,0.0015025690091628019,0.005849890611701936,0.00915917949109435,0.00020982951479395218,0.0016898981317029493,0.0007929614338409441,0.0060727375464607325,0.08709403464500079,0.0650122048205398,0.005716421052866025,0.008221437555251945,0.03569018634823635,0.04554215253598957
0.01299712635929201,0.01740695378866611,0.000837443587494548,0.009829949696814787,-0.0001611402477328383,0.016275235872063476,-0.004264146607805985,0.001524242016074906,0.0007496188444342522,0.009250277092538228,0.0001642040797847355,0.0018652839570520996,0.0011945765867118485,0.0068391108322364835,0.08862733502510524,0.06106477275373375,0.005716538088748244,0.008237826194097877,0.013692870112682658,0.04902763553661593
0.01312184072430013,0.01954491695660699,0.0009207623547889381,0.01175862728394475,0.002498663096996756,0.01507671911299302,-0.003074676882796523,0.0014515299969804717,0.0032835812070208803,0.012920127203026821,0.00019205573591604685,0.002063982384404195,0.00045106820552190396,0.007542354490671727,0.09022786883331362,0.0663618905536568,0.005715451736325523,0.008269036358975777,0.02285696158363617,0.052648901817009194
0.013412697424861812,0.02071811880682236,0.001077551669546378,0.013130471849280298,0.004458589992050177,0.013660209685860902,-0.0032088831727652865,0.001267865611796848,0.009363648323454377,0.0014255209487388232,9.85997760997448e-05,0.0022324392656865033,-5.4159520408297857e-05,0.008333606924354114,0.09189307577476954,0.07356520668461652,0.005711806182768141,0.008278062275726396,0.02231609022751751,0.056397427538047974
0.013565218142947134,0.021423937768035098,0.0010917258316628826,0.013873004215655588,0.0046432627132479976,0.016667989520046333,-0.0028923232469010183,0.0013433510137903504,0.0013662010410573355,0.004700822469964394,0.0001319103534709043,0.002372902753019268,-0.0001219443327782066,0.007534689410321371,0.09362032694291082,0.07861008922614728,0.005711478550515471,0.008306255263494475,0.0,0.06026465288261892
0.013325600679411862,0.02280547028287093,0.0006987255839933995,0.015168327733097228,0.004669199148034986,0.0177290863158599,-0.0034889305484582358,0.0002478479067533179,-0.008202936149591444,0.013424489174689413,0.00013477872428180326,0.002550295750353926,0.0004916200922982228,0.00869509340490457,0.09540693029812033,0.07901837551297024,0.005713708454763092,0.008344139734381627,0.01806021225795989,0.06424202220894255
0.013505489445935872,0.025347622976596887,0.0006991463947612925,0.01753293257298446,0.0003781718751787455,0.01676122842797345,-0.0037602760290626146,0.0005434692797365304,0.002756671973441427,0.009192119256604792,0.00010612923471678415,0.0027549625573097813,3.993561183224248e-05,0.008982955690688715,0.09725013659122973,0.07750320768510459,0.005718103106491423,0.008384931188421227,0.006149085659961735,0.06832102188483098
0.01382353228653213,0.026308096087238428,0.0008854696334199396,0.0186298050268896,0.0026358932108001554,0.01786249452240174,-0.0056277413620562265,-0.0008099941801517852,-0.00057455032572995,-0.0033607120577583416,8.268826761451131e-05,0.0029898904989464903,0.000527963809552362,0.011480417106396634,0.09914714571738203,0.08079007571540475,0.005718160210248105,0.008414845014590909,0.002559923663149558,0.07249321560758698
0.01352745519390062,0.0276522351584549,0.0005947780431857109,0.019846810701734264,3.682186171705126e-05,0.020079620171499668,-0.006297592859616253,-0.000752813808803554,0.0023364194083796974,0.006138742356224691,3.668890833108396e-05,0.003321324357263178,8.20220846304287e-05,0.012074750169350057,0.1010951136418484,0.07991055917623201,0.005715463046858938,0.008451546337239926,0.0,0.0767502770608233
0.013037086643231152,0.029186805987872103,-8.519620325658436e-05,0.021322906976481374,-0.0021574662751404627,0.020917065103869925,-0.005831904063691007,-0.00029746307490877697,0.00018227520199953773,0.022318609825807578,-7.346276328354384e-05,0.003589719238379474,-0.001404631754446134,0.01345911842300318,0.10309116012986035,0.08921508462818933,0.005712396889657812,0.008499024422115383,0.008496691204532546,0.08108401980416027
0.013210664684114616,0.03171006259690749,-2.0025190699251433e-05,0.02402195987192259,-0.005274103698897692,0.02685481832278791,-0.005754255416348042,0.0012435542013509604,-0.0073600985300374955,0.008772440130353942,-2.7579845362279976e-05,0.0038128353562361106,-0.0013067770025193548,0.013432923501029453,0.1051323775177013,0.09413072606734195,0.005711449957292162,0.008515251781853344,0.03072543328611173,0.0854864243338708
0.012820872878849265,0.03409905826282663,-0.000578868296136131,0.026345352250252925,-0.004394522586161909,0.02835884703929592,-0.006573758508923044,-0.00035262523197878706,0.0038961400214821973,0.021226176230348948,6.683349322161858e-06,0.004198898210978741,-0.0008213666922214924,0.015486693025501985,0.10721584068803905,0.09639337401734137,0.005717448366081692,0.008555852787564397,0.03738154061780668,0.0899496622915436
0.013006199607467184,0.03581701570723774,-0.00038543497510681174,0.02805306857010558,-0.002575785743443193,0.034002278171474165,-0.005579082875044761,-0.00040287134177448004,-0.0043897519898599136,0.006023583216049566,-1.3037910643609596e-06,0.004506840463116335,0.00035316567973403545,0.016490690063268032,0.10933861827969128,0.10240994002386927,0.00572427414746028,0.008604202258846182,0.04841018608014219,0.09446611783332443
0.013229790916411311,0.03809995349092898,-8.492446611927176e-05,0.030114437951987524,-0.00035037857530140215,0.040753302910749856,-0.003923467858497098,0.0007043609311197518,0.0027223851074802408,0.015158235113632679,-4.204502303420399e-05,0.004806985013541709,0.00022605763037900073,0.01716336135235877,0.11149778499674771,0.10325991610242412,0.005728355188925906,0.008655901506292953,0.053160353581011635,0.09902840620399118
0.013160727777221283,0.040149610657521456,-0.00011406219293946807,0.032253663395496054,0.00011138985419867353,0.04643255651031031,-0.002405726849809131,0.0029804482207931417,-0.008018857408349955,0.032624435067036606,-0.00016701179059852578,0.005068721180973013,-1.4084221807542097e-05,0.018753717357551297,0.1136904347097913,0.10691656262458615,0.0057308092245847335,0.00869515315180293,0.04157135969129062,0.10362938958788058
0.013181011853027405,0.041450600575861675,2.1660964849659972e-05,0.03344899053281004,-0.0007181491773018411,0.04693537305324158,-0.004196889127715086,0.0016818465290291628,-0.006891875491685573,0.00952750190349183,-6.851293113871448e-05,0.005418251070513969,0.00040961824464932906,0.020339282029629924,0.11591369388705655,0.10767772331243734,0.0057321724445337785,0.008745341008198779,0.0462337091670369,0.10826219033244398
0.012995185515799802,0.04398066278760015,-0.00010327802300552809,0.03589532924720235,-0.0014342890904597283,0.04580602996029293,-0.004297158335142515,0.00376454469301829,0.0009161876638392741,0.019480349324063062,-7.585557060432735e-05,0.005783342118253487,0.0010133823996602842,0.020027467412490507,0.11816473477988107,0.10644761699854534,0.0057342416229533896,0.008771932809005555,0.03484450784019331,0.11292020166004552
0.013232764481460477,0.04666143898954607,-8.314305523152328e-05,0.038469030929788324,0.00029677205442513177,0.05283802893629641,-0.005303640109224061,0.003097492923115597,0.001559416382744594,0.020743355529681318,-7.080072830487061e-05,0.005956850425453131,0.0005809085842854722,0.02333007266332776,0.1204407877382827,0.1114570718609179,0.005737590113967494,0.008816201252499439,0.038284811991400505,0.11759709599961847
0.013219359345383642,0.04826594493822181,-0.00014040819029966477,0.04002221355392578,3.034542836743981e-05,0.05939418825418952,-0.0047311354831824914,0.002066101995206071,0.0012284637160215883,0.0337566698310624,-3.262264790196423e-05,0.0063244197791709755,0.000540043362598025,0.0217851555758021,0.12273915206698628,0.11877634458998262,0.005741909791930142,0.008855788458872768,0.04714491725718586,0.12228683108219097
0.013013115987299363,0.051047140341700256,-0.0002294136236051826,0.042795272441020715,0.001973212050038864,0.06668398997295988,-0.0064632295139853135,0.0009087450987121937,-0.0016658089874277415,0.023380310102308677,-2.3410550294700183e-05,0.006602881807235783,0.0010087161510453913,0.0258157505267837,0.12505720495405834,0.12505116786758871,0.0057429710970351875,0.008903217333872187,0.033511036901367426,0.12698365395329766
0.01309935911525565,0.05373629108604854,-0.00019068237374883848,0.045260202879137554,0.002712255913875472,0.06978862529784124,-0.007781916111248488,1.7459172780831533e-05,-0.0022542280698520933,0.03643892574488672,-1.1185831610305286e-05,0.006939445050471504,0.00042295717421012013,0.02514294475260903,0.12739240819729383,0.13144720996504536,0.0057374041314344325,0.008938339974984272,0.03866092538664979,0.13168210306119946
0.01289496039284898,0.0567589291214354,-0.0005764371470685595,0.04827566849198808,0.003888079301768377,0.0706971396402627,-0.008210962712126724,0.0002842325080158137,0.0004437426987429216,0.03209314038628064,1.4182266169449065e-05,0.007306250796198399,-0.0005597829533928456,0.02353732472096981,0.12974231268117986,0.13573355897313627,0.0057383398545526685,0.008996754338066675,0.03781973124664095,0.13637700858293766
0.013246730838252885,0.058640006500014365,-0.0001419073158671954,0.050448318771335994,0.0008212025361837849,0.07235556908968177,-0.006841970793185848,0.002014962450252511,0.001744888673370526,0.03611119736622237,-6.850462659532819e-05,0.007692966417771285,-0.0005712967615138509,0.026934616829309338,0.13210456077257066,0.13691663263996318,0.0057423578000430795,0.009049680198242484,0.03805096167744284,0.1410634911508707
0.01349164227802678,0.06152095462037744,0.000129828548759741,0.053397822381896935,-3.448086340940293e-05,0.0762124675417506,-0.008074548347612509,0.002393146814197522,0.00080789536397885,0.032589570905402154,-0.0001024368789922514,0.007932099134034476,-0.0015520639985973916,0.028385042385673465,0.13447688696393104,0.14118373948855145,0.005746819566564494,0.009109394802618504,0.04667294658567764,0.14573695914079396
0.013120916965781064,0.06324105778654934,-0.00021259769602798538,0.055161274769518404,0.00016180225956730077,0.08115729321123233,-0.009896045651069607,0.0027431771026900087,0.015403836595238807,0.04079032335024346,-7.259891777680605e-05,0.008289919254829803,-0.0023152446529919324,0.03003312937555075,0.13685711717554314,0.14790252485219677,0.005750331561030472,0.009157382308177196,0.0312680612194043,0.15039310467934738
0.013560707967672494,0.06566509388759349,0.0002891815468533433,0.057552857472069,0.002809100014356636,0.0855600110680026,-0.010206415847862771,0.004159416802368421,-0.0019694415656275055,0.024196124613850345,-3.015630804389935e-05,0.00857884274744758,-0.002014708903693485,0.034281014986559166,0.13924316713276014,0.15434085381814602,0.005751480056425016,0.009215277451174918,0.050925053340746665,0.15502789852347212
0.013839715227953079,0.06752224496821299,0.0005266152444945264,0.05914700355863138,0.0014767127002213165,0.09132123640307355,-0.01007930805991485,0.005376149463606972,0.0012573910556004098,0.020323372717275134,-0.00015273900344697777,0.009111905416238297,-0.001861404241491671,0.03531798849965084,0.1416330401809421,0.15731852031494595,0.005750584206022473,0.009268336443696217,0.05855373128824527,0.15963758395847094
0.013688005834631721,0.06953550969728002,0.00039058273812497477,0.061118436368959604,-0.00035543830507012153,0.09793205391632065,-0.011146508763651908,0.0053141728683614,-0.0013672462887823755,0.03856864373273439,3.769391122884769e-05,0.009381790348623076,-0.0020106844728788043,0.03408271088737261,0.144024824817563,0.1590801071639347,0.005751953844476807,0.009319402555651706,0.04958460378228674,0.1642186698540305
0.013422891662082364,0.07242658905924701,0.00012395516993748447,0.06390461727277742,-0.0015493825870951383,0.10000564108992327,-0.009367909826344112,0.007346634978199373,0.0010050274844978224,0.04248666448307148,-4.251211682404499e-07,0.009891596810975178,-0.0012251494055911527,0.038830598346116574,0.14641669213455438,0.16046788151850444,0.005754618765330371,0.009356342562859138,0.06002556087418346,0.16876792300962146
0.013609437091221041,0.07449788270698346,0.0003204837080350003,0.06611470068699488,-0.001561109960886542,0.10321065027880949,-0.008487477686100997,0.00796063427813729,-0.0005700510382311563,0.050762392791682154,0.0001303767290903035,0.010260211345012316,-0.0009229738272547305,0.039921906493646075,0.14880689329203986,0.16357686047431386,0.0057560836102577015,0.009425074453974508,0.06115178345657005,0.1732823599122158
0.013794937484697341,0.0779875047011452,0.0004756727373343289,0.06942557700007394,-0.001051753009517542,0.10528116489131367,-0.009182064646954535,0.007442355458782035,-0.008227266241702003,0.0561752899926562,9.950828898985797e-05,0.01079644286520387,-3.684683999868876e-05,0.04416102673277156,0.15119375709489552,0.1700478653391835,0.005754464463820725,0.009482499447630445,0.05160555186097411,0.1777592380204613
0.013624580686256639,0.08001241282712453,0.000380181607795356,0.07164745191980419,0.0021040139453945006,0.10671865854688223,-0.008122191823892556,0.008857526635422363,0.0029384872097925063,0.02463024703163852,5.8887233591292665e-05,0.011614627682533518,-0.00018528650934657165,0.04548230679038656,0.15357568771569977,0.17597598517276608,0.00575800939788836,0.009540883378346712,0.046434568689602586,0.1821960466804922
0.01366813995071809,0.08277819694993604,0.0004188822609006472,0.07461545182752222,-0.0011067864085165802,0.11154267964015951,-0.0077153476937438905,0.008880742224592364,0.006720621160680951,0.04900429852681898,-5.202706269724633e-05,0.011885722247309993,0.0009695656192781343,0.04517809920721766,0.15595116259662373,0.18317036627325692,0.005759505752344626,0.009595154693715817,0.04713779346915765,0.1865904977695795
0.01364118017734154,0.08410297615060275,0.0003310520779920764,0.07601301006728249,-0.002344866220175046,0.11557823045860371,-0.0064959313019174346,0.011321565051378924,0.00016564769572702254,0.04002318081531653,-7.368774409827195e-05,0.012496216204411548,0.0012338342896824617,0.04687403938911333,0.15831873056194776,0.1883447281030341,0.005760801300850417,0.009659548508178213,0.05352961219099433,0.19094051615496546
0.01366911006636525,0.08743974646592793,0.00043370831353375765,0.079185573315096,-0.0016452665540032108,0.11654952195526702,-0.006801593439505238,0.011618063837208814,0.0044386185457723215,0.03578200133014631,-9.00767945372083e-06,0.012915213708642903,-0.0001716778527880991,0.047938686184655716,0.16067701017557973,0.18857760530450718,0.005760888540723384,0.00969823580333726,0.06397863047081116,0.19524423004658226
0.013742592249316553,0.09037143229235031,0.00047931803040374664,0.08216851475876223,-0.0005673500759160177,0.1194910335911441,-0.007352389846412233,0.010731087159402918,0.01666527792003314,0.05764242878562009,-0.00011708490744874456,0.013089502247596085,-0.0009193968882357517,0.05083324333356465,0.16302468837852746,0.1929319653220428,0.005763257640494869,0.00976039321180245,0.04670896929533842,0.19949996131400866
0.01384061633524638,0.09242301715941663,0.0005573898954861125,0.0841799085768303,0.00033479884328180276,0.1277134604609147,-0.0061693797994733625,0.012380060707565966,0.006922001963056146,0.05350459886878434,-0.00010396851353028369,0.013651014929296434,-0.001000341736385968,0.0566642972735841,0.1653605194353197,0.1978574577428027,0.005763579993022272,0.00982826039837065,0.04281166129764989,0.2037062158300405
0.013859069071224103,0.09465120597903962,0.0006192071373067598,0.08638087037589581,0.0009036993383000347,0.13640641638074502,-0.00628898047758103,0.01305660777545622,0.006814961391549579,0.05927231865555138,-0.00011501151383816466,0.014329783964901144,0.00017178088192615348,0.05960052045534947,0.16768332420292187,0.1983224144683297,0.005765170137783983,0.009884071657058204,0.04750160519748211,0.20786167389568044
0.013868684817138877,0.09583425308812865,0.0006230842869853065,0.08779984609686763,0.0007662373987382676,0.1428613491494244,-0.007784710492400903,0.013141753850472037,0.005539982397664955,0.06573856401746636,-5.8486475805419325e-05,0.014421507136397449,0.00043356640867711627,0.06082846068291595,0.16999198970968382,0.19995504006340922,0.00576595067550417,0.00994613951342288,0.04211149223333758,0.21196518079423604
0.013931117540892005,0.09866213452411135,0.0006464903960554675,0.09065616908230154,-0.00083008907711557,0.14943064348473523,-0.007279608388777159,0.014935095281157652,-0.006269418566813512,0.060317484021957135,-5.63035739573059e-06,0.014557760008257703,0.0011790852601497592,0.06053302447090675,0.1722854689966687,0.20426955037910172,0.0057652716978040565,0.010006908592797535,0.043794557398078256,0.21601573751556988
0.014036653163332505,0.10177380692187496,0.0007525553558332832,0.09381136674100192,-0.002123051134890419,0.14959852706721755,-0.007963981682839572,0.014019355050730108,0.026571493277896208,0.05293847592853762,8.718653738207238e-05,0.01562714698941514,0.0011560420158134577,0.06248081577059178,0.17456278113358606,0.21392860190403473,0.00576640159044375,0.010075816086625606,0.06767353537041544,0.22001249168537637
0.01405766725839439,0.10429352111238714,0.0007058742728168633,0.09619208681376638,-0.001819352565644916,0.1554881701205908,-0.008310991524423517,0.01443024223024807,-0.002353444404546323,0.07098689643089062,-5.375911422556001e-05,0.015982397904927614,0.0009061414393896627,0.06626808914874707,0.17682301128348168,0.22202416595280008,0.0057707391687520405,0.010148250708308723,0.08519465056902709,0.2239547287286888
0.014279274684304715,0.10714367093647079,0.0011039124968624664,0.09898331649842274,-0.002284788265138449,0.1612597567980698,-0.008308527135938937,0.013764059465383083,0.006561698420712303,0.07129194348876433,-1.888879078240646e-05,0.016382227124334126,5.154791164840855e-05,0.06671076673610776,0.17906531066298634,0.23155115467185558,0.005775082103876373,0.010220391393908634,0.07683961316377035,0.22784186329161643
0.013937108980458444,0.11063104566756261,0.0007285690847214973,0.10249365911798407,-0.0015858523655514212,0.16434508592932517,-0.008838472245418671,0.013822772103229287,0.004262867626717792,0.0511544273289537,-8.800645976714261e-05,0.017021007753302397,0.0007227475553206186,0.06990531021363874,0.18128889623659072,0.235218185684778,0.005775771013647299,0.010279298442602676,0.07502105221341192,0.23167343094059226
0.01395451942828903,0.11275109986931603,0.0007068452741969353,0.10471574722583157,-0.0026669967698391694,0.16791718735929528,-0.009414420616430852,0.014080474160288414,0.004647457144149714,0.06974077014741165,0.00027964155407869673,0.017293696003112924,0.000537390929143039,0.06951052023481072,0.18349304999938829,0.23783092900479402,0.005774897287986018,0.01034325463619404,0.06653480121002325,0.2354490801541352
0.013906019140977458,0.11528989274075141,0.0007418138521895247,0.10741297813153354,-0.003547734128805713,0.1755435623307049,-0.010051785938728408,0.014015046523548957,-0.0007046964369874509,0.06033830054544054,8.152433820582394e-05,0.01812461244440655,7.68683115648372e-05,0.0744070839358234,0.18567711774305962,0.24194624790634187,0.005776670977609593,0.010392349739061307,0.07795924478680337,0.23916856461830086
0.013696978907562251,0.11785883271112427,0.00042034356403636806,0.10998368821136721,-0.002522118661929751,0.18162180515962945,-0.009903431905425298,0.014023713502415358,0.001594420689933429,0.06615250963073538,-8.106415120640031e-06,0.018910409521326166,-6.254953521139806e-05,0.07933256161897567,0.18784050725851195,0.25110786711313376,0.005780286347887429,0.010457363974336486,0.08328544130474286,0.24283173583357176
0.013687624012271625,0.12078912902446905,0.0003587027444379564,0.11299074215516311,-0.0036611926406096007,0.1856865991775012,-0.010843530710833748,0.014130252210797811,0.004946272961463327,0.053389541122927264,-3.289330263675505e-05,0.019488282841597426,-0.0006106678125360199,0.08133166987617604,0.18998268599461995,0.2535241321932371,0.00578226619043703,0.010514869985359998,0.08343955796794238,0.24643853603790591
0.013659269450713885,0.12274278320436274,0.0003649886951890523,0.1150050561889686,-0.0031888339387657894,0.18803661602080868,-0.012303113793985132,0.015076068593303482,0.0009554384426218032,0.07990387962087786,-7.935534901068464e-05,0.019824113030829205,-0.0019434954240120095,0.08460066338641764,0.19210317825316833,0.25672777032848976,0.005783815017096212,0.010590960500248936,0.06763590202407269,0.24998899144799952
0.013535848152187094,0.12460087439534429,0.00028264322604069046,0.11698000350295461,-0.00357791572364885,0.1933046484616152,-0.012295723386238777,0.016277243570540202,0.004277185984731369,0.06947498033136257,-0.00010350966121885907,0.020476936657626288,-0.0008992866506773167,0.08469897789334668,0.19420156204443895,0.26371245030934426,0.0057853895068002,0.010648970763088345,0.08807459633918624,0.2534832058184895
0.013317442685280052,0.1280559480419256,0.00011200985619477799,0.12048686655458367,-0.003315507903822734,0.19613924020740692,-0.011350295992741122,0.01703439526761158,-0.005917768639194465,0.05524649300856088,0.0001052741233578125,0.02064757535776951,-0.0018730693101692841,0.08806381850225153,0.19627746574972638,0.26922099077244155,0.005788019348515794,0.010713834042588829,0.09443417655295139,0.2569213543168096
0.013145498178915,0.13219224692624315,-1.0397287011819356e-05,0.1247355165721602,-0.006772910001687338,0.2012979106300885,-0.01077462916064743,0.018218321420233264,0.0013486922217882391,0.07463319918052813,-2.1519480631670973e-05,0.021448834620241053,-0.002031754890971682,0.09047234942225671,0.198330564736016,0.27031824980060287,0.005789936209909573,0.010779829140779887,0.09660984615767018,0.2603036777096845
0.013215530468485934,0.13506237143873892,-5.468735586659085e-06,0.12763310230484198,-0.006243645770301454,0.20839872539116922,-0.010713739770998598,0.018548053947190845,0.0005046512106112733,0.07589020282264192,-0.00010164466825171581,0.022184048808917778,-0.0016265092278824056,0.0917362123036862,0.20036057804862603,0.2736452075349622,0.005791792266006587,0.01085349611025681,0.0842730942331841,0.26363047685578356
0.013004084032430068,0.13861127129025835,-0.000153933256536537,0.13106297448147597,-0.006961169512616827,0.21430640697669068,-0.011139023512231394,0.018640349832975044,0.007920213145226507,0.0631764373102609,-3.658622793056843e-05,0.022326783879790035,6.65836456252289e-05,0.09260350696703779,0.20236726527700444,0.2777030693738568,0.0057957900228340535,0.010904612877028397,0.08842505842546017,0.26690210749783044
0.013112714218384672,0.14112160554235498,-8.802631336530739e-05,0.1333940319129906,-0.007465567859318956,0.21854646510596054,-0.009915103743933552,0.019923595888975954,-0.010230017003098002,0.06410347719522491,-8.799336204948216e-05,0.023529658815355292,0.0005600120290192578,0.0961048304859633,0.20435042365458253,0.28040437009140723,0.0058002652214363066,0.01097012531451496,0.08817611851179348,0.27011897534644924
0.01288101433081363,0.1443155484199649,-0.0002945349626506926,0.13654387358377687,-0.007121560609821165,0.22280131217175425,-0.011505274284462474,0.018866344251007795,-0.0029493661072617083,0.09157300834787274,-9.09057080554776e-05,0.02453282654015787,0.00068675200035484,0.10262845300389739,0.20630988542159887,0.28700516595014297,0.005802494508586178,0.011030291731256369,0.07420960285436357,0.27328153144721457
0.012856119073185061,0.14677145672245495,-0.00033312366477420037,0.13897805956133136,-0.0090861189484579,0.23151002757219663,-0.011901430733059826,0.01832498596791208,0.0022876092052275254,0.09966505290562488,-9.998112716655405e-05,0.024851098452919107,0.0002732210154032244,0.10308572974803873,0.20824551545379225,0.29101300978692884,0.005804269718668294,0.011091470201946398,0.07979235389832187,0.2763902678217246
0.01275585844398237,0.149569764978396,-0.000398074743109645,0.14183356870058067,-0.00807339780560734,0.23715206334799932,-0.01260920416352752,0.01709661201635,0.016351653168079627,0.0895046322611801,-9.492565730134794e-05,0.025765267658562907,0.0003304828843004315,0.10668632207854728,0.21015720914123287,0.2950941219453077,0.00580656386494842,0.011146529681754442,0.06289732796507008,0.279445713373025
0.012344534356360373,0.15187205309762603,-0.0008542680615255746,0.14411929492905287,-0.007977257494062862,0.24236682205896098,-0.013903778966837166,0.01659526188222745,-0.0058153889646377355,0.08994865265225926,-5.2290968262619364e-05,0.02639194055347538,0.0005600549324460413,0.10714182073190262,0.21204489049005787,0.30395905889589153,0.005806792659235493,0.011205627560838476,0.07610590063005751,0.28244843004535275
0.012634710110058376,0.15532541714454376,-0.0005585002054934729,0.14760499105774313,-0.00933187793288437,0.250586762984782,-0.014183567287168752,0.018087503996031963,-0.007646836286312242,0.10263382558507195,4.410110450639437e-05,0.02755743842180891,0.0002740720117645201,0.1113095972900904,0.21390851041430253,0.3096108134381872,0.0058084700625960035,0.011290096852392899,0.0811747867296987,0.2853990092279345
0.01258772426618246,0.156802769676821,-0.00047131159696578787,0.1491007548509669,-0.011608613077358276,0.2548955000810478,-0.014275663569609288,0.017606747517669098,-0.00540410866993879,0.09376417639123713,0.00014476641268690305,0.027935936003089967,0.00017010563989972027,0.11646530418331702,0.21574804518385196,0.31530476198517543,0.005808571020816502,0.011354726606734861,0.0926245559569654,0.28829806839243666
0.012485797736665359,0.15944583148372093,-0.0006605655251587898,0.15178730281130207,-0.011995265029421276,0.26128682306836526,-0.014111617700107559,0.017846106732512253,-0.006123989383600259,0.12532893629131414,3.7803051892632e-05,0.028696050781316762,0.0002764282789567418,0.1209718847565373,0.21756349499633634,0.31958721353036207,0.005809452031217404,0.011435461513870964,0.10460833523194105,0.2911462479536212
0.011977455252105055,0.16341517743467981,-0.001285281323504384,0.15574082107557657,-0.00948860186694267,0.26618330601704854,-0.013781723346749685,0.019030923362023562,-0.00666153793340829,0.09918085908259422,1.4456615905211745e-06,0.029485779085752117,0.000972878910118935,0.12561865653387955,0.21935488264438607,0.32483803956443563,0.0058124835000817636,0.011502299819298246,0.11324428994587805,0.29394420834279583
0.011751513756023724,0.16743985053830274,-0.001522488462731883,0.15967858976369106,-0.010074883941649349,0.2680653587345211,-0.013540714574368706,0.01943275507861412,0.0005996239916639112,0.10731920424088703,2.2380064886917683e-05,0.030524391591711275,0.0012625920101443644,0.12433652929318098,0.22112225225419382,0.3306256159211446,0.005815089502730468,0.011559735565755557,0.11226404668578341,0.29669262728374
0.011627287608830706,0.1695543341084731,-0.0016678334749782898,0.16179513385090163,-0.008934788317652043,0.27120404076110083,-0.013829281357775714,0.019290037436459247,0.0021894153063021227,0.13064580437437612,9.954789374461148e-06,0.03129897340940757,0.0005146433353103441,0.12924997551730905,0.2228656680762023,0.3345897353138436,0.005816530076495426,0.011614445585345645,0.0989670805091176,0.29939219726095256
0.011575401307252837,0.17290963749084026,-0.0017052245257909594,0.16516671688012133,-0.007102999665108856,0.2724076754515411,-0.013899407880647596,0.019460420560565767,0.007128810444355538,0.10132350286744507,7.981274368257241e-05,0.031838357365249204,0.0016073209153098234,0.13237823093033377,0.22458521331355408,0.3385745356272698,0.0058160365349536345,0.011680473833040102,0.08498597591631825,0.3020436231702567
0.011729106969871644,0.1750363765534601,-0.0015644041486323618,0.16736826536655555,-0.006701829738301468,0.2795052772628569,-0.014229463185363033,0.019744454047965924,-0.007729113253954312,0.0866835081420303,4.839123449351668e-05,0.0329423953357737,0.0018349449150195651,0.13414796383661892,0.22628098897843288,0.34341780589112536,0.005817775473102787,0.011746468984826307,0.0898664123904599,0.3046476201420433
0.011801147176047045,0.17767605125816843,-0.0015213464866441415,0.1701328822771107,-0.007469041380272712,0.28873966792746997,-0.013967410297329707,0.020733270319604175,0.002051948570142015,0.08327893818566223,0.00024350859009270032,0.03378145741992178,0.0012545558330538664,0.1380975048032741,0.22795311277041727,0.3473187990893245,0.005821015381363253,0.011821804149637403,0.09576744871843237,0.30720491152770124
0.011726572869856594,0.1803833458550529,-0.001659826061607604,0.1728533680565752,-0.008255447716690067,0.2981065390000913,-0.014936659125559726,0.020550550245583925,-0.0030698478785526895,0.1372320390824464,0.00014397986140629593,0.03487338394984829,0.001640256240805299,0.1350187833223146,0.2296017179743346,0.349987420010029,0.005824112063078748,0.011888637228038124,0.10427233188595378,0.30971622704007756
0.011636573963635082,0.18303713301584917,-0.0017854365406311124,0.17521402380839618,-0.010521477365134979,0.3045379603925086,-0.015999129923725854,0.0205885203813072,0.002204205031698825,0.1079463148576425,0.0002759419955371545,0.03560378860806157,0.002834438356853819,0.14260534325186383,0.23122695237777594,0.35761447241433175,0.005828194089162724,0.011965943713378686,0.11037527262022638,0.31218230103912115
0.01138195283600247,0.18479788914169376,-0.0020273550954935243,0.1769630233928468,-0.010255131730016798,0.31010601883518074,-0.015756557491543755,0.022513285286981377,-0.007782010603342382,0.10556741864334396,0.00021334010906068346,0.03647490063943293,0.0027630631105945436,0.15030668731598837,0.2328289772103955,0.3615195076479799,0.005831887436982823,0.012033426429949638,0.11786188611369514,0.3146038709541902
0.011014217360792219,0.18602955013375622,-0.0024330803644645564,0.17828295106569853,-0.010716772776918404,0.3113271527135707,-0.01541801790232924,0.023550771556324575,0.004174811311560278,0.11000873012765344,0.00029549380360907596,0.0371055823667541,0.0028454989976119394,0.15029915486951081,0.23440796610838802,0.3682970370934165,0.005835416985317962,0.012106796671637129,0.12137217199415654,0.31698167583484266
0.011073094390186625,0.18837769087738418,-0.0024208438248282966,0.18065798287311133,-0.012024282289821997,0.31491404548304114,-0.0160190896092298,0.023903871478349444,-0.0067743466863769974,0.11748392049548895,0.00026989860565021506,0.0378795365660789,0.0017266512552564783,0.15438123358818545,0.23596410410818608,0.3728720690415886,0.005838738915090737,0.012170212243669798,0.11960538189005301,0.3193164550222611
0.011235438385734455,0.19121497764834994,-0.0022872433363063695,0.18349785969261154,-0.011787459247892818,0.32385866581326483,-0.016858402513430515,0.024359562778395422,-0.006473496963621983,0.10520735391225389,0.00014286103972391273,0.03824415681331361,0.0016644892168706793,0.15872277501461793,0.2374975866735358,0.3766380438027692,0.0058412025571727725,0.012248062139550731,0.11451764642668107,0.3216089469338176
0.01111619588410324,0.1938987236482031,-0.0025213026778729223,0.18609812448870885,-0.010072691286659774,0.33228257347237655,-0.01816663337645904,0.023546683412982855,-0.0010376066194184297,0.10515680621944523,0.0001804525052950534,0.03832524659029746,0.0015717317477721982,0.16349008121146294,0.2390086187598122,0.38313949090785804,0.005842837845735484,0.012290751988379959,0.11499507953688703,0.323859887953616
0.010984947383509386,0.1965044930994757,-0.0025453348579331254,0.18879429308304765,-0.008892682007304753,0.3391851050192297,-0.019366414633398565,0.023766442559345863,0.004251033990271935,0.10818195726788193,9.029791870779347e-05,0.03953894414008441,0.0018018869375011626,0.16715946427006845,0.24049741391884535,0.3875290082515057,0.005843761706209536,0.012336121198411905,0.11813678910210453,0.3260700114221949
0.010724094037428099,0.19825269276220947,-0.002679668343959241,0.19063041473977405,-0.0063480213124760265,0.34396115445191167,-0.019053027666063517,0.023736495838221662,-0.0003430663643111398,0.10907675462403454,3.4935218838294535e-05,0.040667696176887924,0.002040241751446792,0.1709939145779539,0.24196419344675493,0.39162423880629266,0.005846395772728064,0.012408647598690002,0.13922346297112786,0.3282400467189119
0.011048610137344875,0.20019496893004005,-0.0023612105290831773,0.19256869000964577,-0.004799201968919142,0.3497138152434688,-0.018751999780173213,0.024195871571695077,-0.007114205186735889,0.11302244985782095,3.26932993928164e-05,0.04054031477881259,0.002808138083058631,0.17501572217540487,0.24340918557644733,0.39560396150449917,0.005850675467284604,0.012459994968947181,0.14168896437525658,0.3303707184308488
0.010842936996931642,0.20348129704853982,-0.0025045781711953725,0.19591313241135258,-0.0030414994633298775,0.35306837017889703,-0.019079551032686593,0.02416486630602057,-0.006731598233036262,0.15560965800793292,1.4725005157090187e-05,0.04127761646356487,0.0027175374867603186,0.1792687494958025,0.2448326247155827,0.3986174338118512,0.005854083287142071,0.012525889447029962,0.1304373659342375,0.3324627456024077
0.010678439992758176,0.20673692056724255,-0.002866013253368365,0.19909265049482947,-0.002151646427758447,0.3568526791840497,-0.019499790035835553,0.023929191361127172,-0.004036270736115899,0.13775462990732412,-0.00010981077551394658,0.04373781836153379,0.001725683009102641,0.1814678166671644,0.24623475073004503,0.4018455822439537,0.005857440484778022,0.01259307851526293,0.12277164105519954,0.3345168410600762
0.010682633727728087,0.20938216480921137,-0.002811418852749605,0.20182100379300189,-0.0013757750748928377,0.3610639890957016,-0.01941920200499877,0.024193195876153234,-0.0052655579329083935,0.1440685389992662,3.379745149251212e-05,0.043564347701833706,0.0015347909164242501,0.18487219226175503,0.24761580827227203,0.40324001293906186,0.005859815653030301,0.012654351127179646,0.10973407330981651,0.33653371080714123
0.010521348405035692,0.21118576080718227,-0.003005642049507002,0.20366142323941364,-0.002946770380353847,0.3638497469578902,-0.01947668760756841,0.024483425361971085,0.008321220276937935,0.16561503567827707,-0.00012320494434436835,0.04478379644431629,0.0010430935780695316,0.19297179064273695,0.24897604615325247,0.4091802894099629,0.0058605246915991015,0.012707254627655162,0.11280630215852144,0.338514053483426
0.01064564546559373,0.21477536821467083,-0.002931922472669492,0.20714703971506335,-0.003560061676620263,0.36924809021895777,-0.01934258109660262,0.02611768189660076,0.005470784595131284,0.14985348839239132,-4.5092407083113795e-05,0.0452944670143669,0.0007206512215154615,0.19290038457915487,0.2503157167565775,0.4148690638679925,0.0058610980402736285,0.012771850786937032,0.13098644036111234,0.3404585598854017
0.01093134339236232,0.21781757893851314,-0.0026242051484975954,0.21026873371613616,-0.004297889929326226,0.371715354211402,-0.019515857984146456,0.026699332241134265,0.0020819133737655093,0.12590739645087745,-0.00013617904303850348,0.04643444734814972,0.0008327554393176839,0.19866288274906335,0.2516350754926339,0.4180112693238947,0.005862263897831368,0.01283717019855137,0.1338877483709252,0.34236791254230337
0.010997542806781141,0.21953710270426305,-0.002581632093390924,0.2120420907225772,-0.0032436604371888222,0.3751568778962666,-0.019976890699080187,0.026592596140767356,-9.677661014206862e-05,0.16803888444521264,0.0002095439779552788,0.04779036533758996,0.00034466822155315713,0.20158973131384877,0.25293438029084253,0.4229262645050029,0.005862486122323016,0.012897343540957236,0.12499784326292573,0.3442427853441283
0.0162047982813378,0.0078557929014298,0.0027008523831476595,-0.0006542539545408999,-0.004656303299489295,0.004070702013605265,0.0006789350329781896,0.002843527319320971,-0.007588078310028612,-0.005520421866553882,-1.7560812912986723e-06,0.000532522066891139,-0.0019577630422873693,-0.00048095615437160344,0.06607367902295129,0.03910540768854054,0.005680673567146785,0.008051751871343512,0.006444580581164663,0.0
0.01603214607994096,0.007914251270817059,0.002544882833850192,-0.0005846084900551947,-0.003830921574027979,0.005195851079139224,-0.0015079686524755108,0.0010914978981691804,-0.007013547086172078,-0.0074236960006,-9.975014015894956e-07,0.00060536025739788,-0.0018040078271809035,-0.0016721751324129674,0.06610384249512133,0.04009147399992995,0.005679479603963149,0.00804045907893667,0.015914399841094214,0.0
0.01581308122114462,0.008016313189821525,0.002502555076746694,-0.000315053969974206,-0.0010011059371761721,0.006448053363899531,-0.000902067626833436,0.000783317448081866,-0.0038187403580143275,0.0016319955870545133,-8.523797152937274e-06,0.0007292840764577813,-0.003132923085302136,-0.00047942415328744437,0.06624275834958027,0.043399173113778174,0.005682024244710568,0.008035718661020274,0.014583950444328605,0.0
0.016156541161040955,0.008064155907828966,0.002801902697361169,-0.00032099004030347426,-0.005749464528381543,0.011592420007055404,-0.0007064933404899998,0.0001646693541187405,-0.007796075154073545,0.0025177086381923397,-1.1314632636927335e-05,0.0007764048037084414,-0.0018630286175266297,0.0001419395316073213,0.06648983027842426,0.045031016737272105,0.005682786454135494,0.008031621281728312,0.01493320869050393,0.0
0.0161007373733768,0.009120160244697747,0.002733608999936547,0.0007615157131370797,-0.007734289101120506,0.009706621632162404,-0.0011455006664023103,-0.0004674953827968231,0.0023647752788145127,0.003369225931613151,5.7456408160044825e-05,0.0009000162623375996,-0.0008050877447866034,0.000718791807682112,0.06684419110074258,0.04458158922330775,0.005680898454821203,0.008069420849766014,0.009500033524216472,0.0
0.01572547079234452,0.009828696299227245,0.0022798042745315536,0.0017046134624725314,-0.005872590519524268,0.00471051803490008,-0.0008162265898129406,-0.0015006835731491753,-0.006699327908161301,-0.004171187571030854,0.00013166022486377216,0.000981571328510067,-0.0006581403429009591,0.0011285383036443164,0.06730471491983177,0.045472160856594696,0.00568292593528336,0.008090503734779198,0.0,0.0
0.015344395515930663,0.010237450464851475,0.002021718749948883,0.002093834405754079,-0.0032780193379604583,0.006363095248298478,-0.00038248511206229185,-0.0014836346274868962,-0.008162551930906092,0.00861116882875701,7.052480944388928e-05,0.0010339426992075351,-0.0004947710630860414,-0.0011998479154778086,0.06787003042076023,0.04906441973717238,0.005683530952007124,0.008096492375735882,0.0,0.0
0.01533187179811483,0.009890490096081502,0.0018839832548438757,0.0019768873838483803,-0.00468824900834619,0.00795508377097165,-0.0011477302995897775,-0.001990798382944703,-0.007833131234098234,0.01075119421377535,0.00015444670931386018,0.0011765316132784642,0.000745164420314276,-0.0027908037102658545,0.06853853458444582,0.04907787977590689,0.005688100125509304,0.008104409871304216,0.0,0.0
0.015178076489639626,0.011178418484821998,0.0017827200981351075,0.0033759205726557823,-0.0023087337533909125,0.008370155165851267,-0.0010572785472785617,-0.0021174933573102185,-0.0021606387793895454,-0.00010927381185887874,0.00018159861546787615,0.001296743814935053,0.0007996280036114689,0.0010113229566739712,0.06930840634545986,0.05159922485311555,0.0056938637487981125,0.008129858680471905,0.0,0.0011026394469962086
0.014997055413136099,0.011905176910505605,0.0015102101707462068,0.004150418475301105,0.001414210340201727,0.0012388647582686207,-0.0007041755052912379,-0.002247487932605252,-0.0028856336963909435,0.0019236865828217153,8.923085150586152e-05,0.001426912844710193,0.0006774631663890585,0.001845295595647084,0.07017762004139949,0.05403772501971584,0.005698923505266068,0.008138774074019361,0.0,0.003206796099037334
0.015082530958354462,0.012938375852168456,0.001659363993745444,0.005194470211359811,0.0025746924549947536,-0.000510254820701217,0.0016816145670288329,0.000748960913527863,-0.0037829797678408106,0.007815849408156716,0.00023168757010591512,0.0014811964870499184,-0.00019246465402450452,0.0017887642943456572,0.07114395880488539,0.05542381007768028,0.005706668361232398,0.008157278068035009,0.009803297681768533,0.005540246272854767
0.014582144794021519,0.013597245511038676,0.0013397204743842723,0.005776980948927899,0.002684266244166844,0.00010370683184435237,0.001413647705557075,0.0010093539132630558,0.00013893973161815953,0.001743472706772442,0.00013430094697922113,0.0016748604863323635,2.2259997247114915e-05,0.0026995314389353375,0.07220502826186267,0.05595711643866041,0.005713701473530792,0.008163391759212471,0.015963729385424764,0.008095933069943776
0.014438025263643704,0.014888630208462726,0.0011923778612103718,0.0070361301381334715,0.004187031574666156,0.005922952982613916,0.0026121579788661144,0.0031798420214198654,0.0006211436325305186,0.006967495011023672,0.00023590087430550022,0.0017883834502137042,-0.0009292100180038343,0.0024585837050687676,0.07335827098244121,0.05681318154098108,0.005713844729104345,0.008174926879167448,0.008946259415267848,0.010866272857529096
0.014533553033976916,0.01619535832190516,0.0013513903470304487,0.008256200448860027,0.0016692991268667523,0.010973594958884947,0.004690025447186996,0.004694029570897718,-0.0076954982624402035,0.0001611395849098196,9.395206634926767e-05,0.001943651776685762,0.00040264613798762783,0.004493707556039034,0.07460098208106375,0.0628225203476742,0.005708809391998926,0.008190857259627354,0.015707114305071428,0.013843208773655654
0.01507822186744167,0.017215349606057105,0.0018737514293914875,0.009371203235272385,0.00035201264509776564,0.019664287569143513,0.003941745932087681,0.0037543888446271434,-0.009739601403209175,0.019968808207839528,-3.2660984622373546e-05,0.002300139117160538,-0.0006818687977380167,0.004188855664493507,0.0759303262080299,0.05720065016060244,0.005707308987209175,0.00822164217560041,0.00030115119811974174,0.01701826593815479
0.014585551792620364,0.018451320723139666,0.0013858512476554383,0.010499363014415014,-0.005231840855213221,0.021036269530084306,0.0027101168899927087,0.0037595492684539544,-0.008480457364301142,0.01270112745543961,-2.7881715683131247e-05,0.0024248832838105194,0.00016632664295565536,0.004752000388265176,0.07734335595608581,0.059433013930443604,0.005710964416164806,0.008230517217641318,0.0,0.02038260770595185
0.013895239429349938,0.019301503044956373,0.0007481237976424346,0.011358396408671293,-0.0032870416791517254,0.023436981554423753,0.0007779920189916689,0.0032575586362350584,-0.0042367194842558575,0.006343065472505849,6.631613722374308e-05,0.002865489956048295,0.00023855193556435172,0.006374961263542256,0.07883703146877555,0.06032799121357929,0.005717464894265942,0.008256109056908132,0.0,0.02392709231877181
0.013508760497792056,0.02073137256794465,0.00036546697073995896,0.01261457553714956,-0.004298167124809682,0.02205516819830855,0.0001154921942664755,0.004262488557817456,-0.001641629102503206,0.012557729766646597,2.363527445467528e-05,0.00302893136818172,0.00019215589583584936,0.006377668011467913,0.08040824082138477,0.062416387045682926,0.0057267687938299455,0.008259691568320956,0.011438287951549884,0.027642329341429014
0.013558211189132354,0.02196951897506374,0.0003169951298100486,0.013691202828311667,0.0018074070695068833,0.02304471506551664,-0.001842274438736613,0.0033234893924168896,-0.003966288428419507,0.006835794821152041,2.897325799955386e-05,0.003304717166044746,0.0009229643636416152,0.007224214377902383,0.08205382058069102,0.06842574273350903,0.00573412612738941,0.008312574159508021,0.01944886266346791,0.03151873530814017
0.013772957141769912,0.024632798945867767,0.00044321566903812205,0.01650727889180755,-0.0002108777065386036,0.02536128022050943,-0.004133250169843883,0.0016918013895327211,-0.004171073247782431,0.005992218001877214,-7.775361407336145e-06,0.0036145341310866996,0.0012653640699653579,0.010231268016152845,0.08377057585453775,0.07174769291138354,0.005739421156296405,0.00836194192608726,0.011031023473651844,0.035546588051112285
0.013389598636275202,0.02612603184793824,0.00011780126096913243,0.017978303319455036,-0.0012138760419149186,0.02448994021497919,-0.004562713954200537,0.0008916407652686976,-0.0036474961103665215,0.007985539777742745,-6.923858206750455e-05,0.003824257839093459,0.0017487277380418276,0.010243228386775355,0.08555529912268468,0.07638523191331074,0.005743484065253128,0.008397209344058446,0.014025699455508312,0.039716079236398034
0.013523218219869277,0.027821586172293772,0.00032436835768762627,0.019788387222225586,0.0016880269919581359,0.027686276202038007,-0.0046772484654145855,0.0007903142803494245,0.002838014211762774,0.011585295568183218,-0.0001272740993385757,0.0037004897823808003,7.514071529240995e-05,0.010280441954196307,0.08740478719266519,0.08225221016177829,0.005750376241964847,0.008436102658149034,0.012696288559018422,0.04401736468902821
0.013561782449733092,0.030140922739730635,0.00025059326912148065,0.021956655148319272,0.0019661628763125716,0.030476052337720105,-0.005512600892923702,0.0012689209052676232,-0.005390621592710199,0.00038380797236625686,-0.00010616647878433638,0.003963418384716144,0.0007304162151015592,0.011667573419391952,0.08931585573777376,0.08393409772158726,0.005755183544494411,0.008448506763256779,0.0,0.04844061214912003
0.013617037938542973,0.03137308687748988,0.00029103634304253334,0.023013064059857896,0.004424428783780909,0.03503354898577049,-0.005191103378086015,0.0014468495336424248,1.3595065303517728e-05,0.010561233309412166,-0.00011602767984128515,0.004144030814219546,0.00043067607946570274,0.013080183726653788,0.09128535103420556,0.08574584824835357,0.005759536966762755,0.008479961235291215,0.0,0.05297604616149081
0.0136318994076925,0.033649257170925456,0.00014017240957761579,0.025364072693179127,0.005132312629829494,0.03305123049177783,-0.00481674476600843,0.000886885965301476,0.008157482674052141,-0.0005543182221574572,-0.00010295087294445726,0.004378824859468278,-0.00025507036956362583,0.01407152204005871,0.09331015870416602,0.08704244757319327,0.005765648365338229,0.008529533327912677,0.02490606471439933,0.05761398986189283
0.013368626760913643,0.03523974807554405,-0.00016459884186795573,0.02698915029375154,0.006596956166751378,0.03910447556479024,-0.004007363714252687,0.0024101855199371914,0.005054480696366048,0.005870496200052644,-7.2527645852138445e-06,0.004670403499079767,-0.00017605091576472498,0.01651560230320087,0.09538720947357988,0.08879381458394121,0.005769532162385603,0.00858447642721562,0.0,0.06234490348207479
0.012773205729556541,0.03615711594083787,-0.0007912183047239195,0.02789104313802862,0.006846298128680983,0.04686827739577115,-0.00472268534405369,0.0035421984324970125,0.0008038132041281454,0.014860034848667603,4.133212657703167e-05,0.004881546125281466,-0.000813227116665205,0.015522984900605913,0.09751348214804914,0.09752115653622727,0.005776307002367718,0.008628732455564692,0.03534179782883129,0.06715941945240654
0.012231525502957034,0.03861105684715528,-0.0015223435775762253,0.03028529086990117,0.012168994172940595,0.054638380386935026,-0.004987911548097168,0.005775470533771043,0.0036154779717338936,0.026625290516773648,0.0001615302175012323,0.005554393297833249,-0.0011529630013918657,0.016270419002788195,0.09968600418044489,0.09847451204846003,0.005781251139189999,0.008666867103660617,0.03273309969112803,0.07204837403389099
0.012211115088041777,0.04088051367032336,-0.0014420214969615344,0.03270685806597477,0.01134783957690888,0.06075732318890781,-0.004283564622481917,0.007847891657287286,0.000331291187334104,0.020498699812898424,-2.702575923163586e-06,0.00588110642821682,-0.0014145657532580735,0.02010389569871282,0.1019018503322137,0.10511702247851008,0.005781651672534885,0.00871570045005727,0.0,0.07700283546033806
0.011982711940841159,0.042662716531794306,-0.0015311041698154119,0.03468795055457395,0.007053650021384472,0.06247105884163506,-0.004954032752721216,0.00863839580468716,0.006036536684801974,0.004076969456472623,-5.4879954381248375e-05,0.006163039865886066,-0.0003546259231962945,0.018297191767494003,0.1041581400080505,0.10695247956875663,0.00578317796969551,0.008753347962490037,0.024753885804586664,0.0820141286157746
0.011997029214653315,0.044859027173674224,-0.0015112409292098172,0.03701870889902106,0.0022334329967332867,0.06476026974681348,-0.006085786512027192,0.008770172592974534,-0.00410725797993261,0.0156714033041514,-3.0760193664131075e-05,0.00652717079171905,-0.00035131075981101323,0.021399795116770703,0.10645203386758804,0.11223084426670238,0.005784589118571291,0.008788461955224824,0.0,0.08707385631148731
0.012086835514540286,0.046667076263974816,-0.0014049219850101272,0.03879839321279827,0.0026760060578971956,0.06148223004828246,-0.00603239641194635,0.00834033816901385,0.002524437001930613,0.016194313782434522,-0.0001287369453861209,0.006971419647916921,0.0008215552804201054,0.023676621508887108,0.10878073029326903,0.11629655825994738,0.005788413624276686,0.00883302116409796,0.0,0.09217391726124935
0.012496225171757396,0.048524887994619396,-0.0010368227782228557,0.04059319854597357,-0.0025333422254871785,0.0665425120561669,-0.006597835049022338,0.007702086213980985,-0.0007869495980727947,0.01524203265242896,-0.00012302463172697564,0.00734318423744762,0.0006544975426556188,0.023676022276644892,0.1111414622310437,0.12187001181088992,0.0057938373991975834,0.008879584246885166,0.0,0.09730652088225343
0.012395485676122243,0.050540352016359494,-0.001131080246924928,0.04253131634473735,-0.00471577065999762,0.07198637010073972,-0.0071334205711337416,0.007667778753987153,0.006377964422287996,0.019964208843985753,-9.299885664398877e-05,0.007840186424456608,0.00030726703894692897,0.02588241769137578,0.11353149483242823,0.12338397924904868,0.005798956307837279,0.00894354457591684,0.0,0.10246419907314012
0.01241173521208043,0.05266654375759871,-0.0011078713226032218,0.04484324047632865,-0.002448806318120056,0.07621850215287851,-0.0074990304953241995,0.007895689271880769,-0.008387975191894048,0.009046614331744807,-0.00011838897409360838,0.008186154175557014,-0.000205309672798748,0.02716904456591132,0.11594812422415096,0.1272253167407335,0.005801630835293901,0.009008893396643085,0.0,0.10763981513946744
0.012296285017120163,0.05491321082114758,-0.0012196851586280238,0.04705032436596145,-3.983023920639539e-05,0.07491936309115133,-0.0076397358097392894,0.009246590768918417,-0.002047967458491673,0.023081919510637983,-6.183392489514383e-05,0.008714834027553575,-0.0009888392375903277,0.02741411022532214,0.11838867762361507,0.1324402931359482,0.005802716172733968,0.00904144169287056,0.022270365409909027,0.11282657005130009
0.012505924739683899,0.05631244051245586,-0.0009901738399823515,0.04847029335070649,0.000166868381398233,0.077207347394463,-0.007217762672468509,0.009238482888491283,-0.007760175582443463,0.026241018335709798,-1.4578648084961898e-05,0.008977128206831164,-0.00039321963511157465,0.029247230494656162,0.12085051491016995,0.1335930000194575,0.005802723896877248,0.009094948594715565,0.03977825336244804,0.1180180062276313
0.012597661895310074,0.058322052453794404,-0.0009715137998456205,0.0507838371854199,0.0021309675821072904,0.08180489018993975,-0.006768640576309148,0.009210604578261816,0.003528175620434504,0.03197942104037588,1.964246334812403e-05,0.009562241590452936,0.00035251559588372894,0.03237097176959486,0.12333103165709486,0.14131224934366898,0.005805279348339227,0.009115818147672504,0.047180815801382274,0.1232080090484778
0.012107805210000856,0.060666887944338145,-0.001408867643773114,0.05301723851388389,0.0017412432225960561,0.08524791823577771,-0.007612591035364524,0.009511452438789347,0.0012751776494568379,0.020788600633151355,8.624996755809966e-05,0.009880706753397805,-0.0005959314605516464,0.03183661487558226,0.12582766353001568,0.14473408925321024,0.0058086681296796025,0.009185078422842753,0.030997497957299506,0.12839080629811783
0.012459820284793324,0.06304948726086212,-0.001063969050396782,0.055709070673853056,0.0006441590302193045,0.08812808940127992,-0.008813354878884305,0.00798386263859191,0.0034740152477941155,0.04305914024809587,-2.019156712057546e-05,0.010718284670880318,0.00030919782287761044,0.0335226194838911,0.1283378918674055,0.14522389537709154,0.005807564783213971,0.009247807865386976,0.0,0.13356096574249895
0.012295923451344391,0.06636111931382653,-0.001330771312520346,0.058754021888731994,-0.0018061169058873894,0.09231035647514574,-0.008444168730796064,0.008509190514327459,-0.004962462354955566,0.026542452160574825,-0.0001318645227423032,0.011626593262128448,-0.00028719647808383986,0.035011525801894955,0.13085925018190317,0.1469526807427973,0.005808935107281603,0.009281300041950973,0.024744326530706844,0.13871339104074137
0.012652892849200095,0.06980157560879108,-0.0009943981834516155,0.06223725151842344,-0.003489684303618068,0.09936116998055855,-0.00896427126437822,0.008251947400418925,0.009270839632269934,0.04004989519086932,0.00011440799185274964,0.011840770374227927,-0.0006493023495591776,0.035395517315119696,0.13338933126194896,0.15512325908220462,0.0058095703858048525,0.00933302535258239,0.03953022601290151,0.14384331618533874
0.012621695433255904,0.07139188793343196,-0.0010311976499448074,0.06384063119313378,-0.0017958780031706034,0.1015314637227871,-0.011183799465689792,0.0060930389809426555,0.023163987347267323,0.028628428505822034,7.37906509777897e-05,0.0124542771524907,-0.000505794021179673,0.04014346451069928,0.1359257945159409,0.15717295620303626,0.005809948515713334,0.009374014483908937,0.04794521145176402,0.14894629865847828
0.012480540693883473,0.07542538234499246,-0.001038428435049846,0.06789350328251204,-0.00443596503526722,0.10791132419357452,-0.009610268266916234,0.008407695011478455,-0.006776627783960709,0.03592654480511359,3.8964178512485015e-05,0.012836628948101447,-0.00043217122018790466,0.0386040185355562,0.13846637318895255,0.16053542643881288,0.005809922741635713,0.00941726893769131,0.023609216402020166,0.15401821148326642
0.012353846059905721,0.07922472721855894,-0.0011939286184951634,0.07168117067750415,-0.004361196357266284,0.1130815710780062,-0.009404840991893948,0.008447148130455806,0.004390726033615899,0.03208223922733322,5.985938623168097e-05,0.01342426304673161,-0.0009380915508919729,0.04164313513153209,0.14100888109647083,0.16552685396199973,0.0058142070123859265,0.009477953341377823,0.022980277021869853,0.15905523433887575
0.012178489816409236,0.08091208175959697,-0.0012448594802991278,0.0735168479596365,-0.006404795718580436,0.11583699545568393,-0.010200652856398918,0.007909714792001588,-0.0032854257091288197,0.04381875020821302,2.677587857682906e-05,0.014111154463150588,-0.0005205017835313575,0.04511259513716381,0.14355121855991088,0.17215587561410445,0.005816976803711044,0.009543942634440227,0.02468077757873632,0.16405384389804836
0.012065556847020858,0.08216363405676184,-0.0013134680854058351,0.07474486936229542,-0.006860048736192281,0.11522221840569413,-0.00943478231663053,0.01027236649157275,0.003907200996718152,0.05371182850230727,3.231692291819077e-05,0.014466311353356964,-0.0008879779726416737,0.043321048154126046,0.14609137729168808,0.17797321648131512,0.00581878565797683,0.009633074327837844,0.037940606480633465,0.16901080353426437
0.012300682208152901,0.08537693335413064,-0.0011077004615856912,0.0778194949664392,-0.0034137066084758416,0.12028726184053928,-0.010378652897465656,0.010350318579323592,-0.005112226106164908,0.05758751186776645,3.313805587373819e-05,0.014853457141227322,-0.0007807890917003735,0.04606273699253233,0.14862744405770942,0.18129158829088438,0.005825149821396568,0.009699383544009439,0.0444950907416482,0.17392315253447
0.0123313422138559,0.08874546963693267,-0.0011489705725844304,0.08077894177665858,-0.00025351549673957585,0.13030182308483873,-0.010138139766440924,0.01064305941059709,-0.0004417367943143624,0.043703117840715455,-2.9064718122667754e-05,0.015255381732864004,-0.0016302715539116552,0.048635055966539414,0.15115760303438847,0.1854759159755125,0.00582928194325107,0.009733493769273436,0.03595915768958305,0.17878819494175355
0.012314115027830825,0.09176783680516895,-0.0010800746474738474,0.08392040152617264,0.0004268124634552173,0.13647387124099342,-0.010048328157577868,0.010735823115366494,0.00020998736672372953,0.03018381981557583,-8.213725731825994e-05,0.01625909865697095,-0.0017703514970657808,0.05267520801446071,0.15368013686634074,0.18798544160053726,0.005835320454013852,0.009778235735609373,0.039257715770892786,0.18360348814094637
0.01224851251218978,0.0945697162065966,-0.001190205991186525,0.08707426621563044,0.0018742788519752196,0.14245260636534796,-0.00962732777280525,0.012133694074861446,0.006241258048246712,0.049812406474097015,-6.459080495938019e-05,0.016752146110907362,-0.0007910314481446856,0.054456042454504805,0.15619342651038653,0.1963322624454422,0.005839598584566467,0.009815707616659331,0.0486866451215042,0.18836683128895407
0.011985657379589855,0.09678538139206452,-0.0014289363116938378,0.08947035990635585,0.004073848612329289,0.14778405366054947,-0.009832136926564716,0.012523909022300573,-0.007782117217157047,0.06177379890343049,-0.00010363477922414877,0.017255956052061316,-0.001047589208539007,0.05640313218115822,0.1586959500135692,0.20061776935408063,0.005842602197956374,0.009888610147907557,0.03750360481274551,0.19307625368081233
0.011946290456087558,0.10008954285822161,-0.0013996423054360649,0.09267224275964929,0.00520895377658559,0.1538249997831409,-0.012077470655252043,0.011262992568143126,0.0006317439740785025,0.05919200839059946,-0.00015165654490534308,0.017518544328283814,-1.564944765405918e-05,0.05892594308528598,0.16118628041286887,0.20534654813672973,0.005844560729604888,0.009959986782754858,0.057676411403522185,0.19773000313210515
0.011701553266327703,0.1025446131035467,-0.0015820871993156987,0.09512394237953822,0.0023308998557369787,0.1596244952736674,-0.013065015639958044,0.011610063663095504,0.00039152170149969745,0.04875596205921329,-0.00010318644766948992,0.01757244949014125,-0.0007501070058187342,0.059221551051980625,0.16366308296123752,0.21261931235890058,0.005846125621409928,0.010008614255296009,0.06565552642040325,0.20232653444855078
0.012055499204418993,0.10458256036181399,-0.001273278512092033,0.0972231290460233,-0.0019181565814299084,0.16190356803885209,-0.014775066261726944,0.010445724719816907,-0.003320403880416656,0.05631948707953993,-8.584119666829593e-05,0.019162036406272454,-0.001587011459890486,0.06260103703459607,0.16612511188116472,0.21714183362980236,0.005847766094358168,0.010076475324819853,0.049040526591911035,0.20686449804431173
0.011780607411303254,0.10699783718799766,-0.0016809195436154646,0.09973355620649163,-0.0012602839730651016,0.17059187651873997,-0.014331228012594111,0.012068352503459523,-0.0050217764732396475,0.05911615289142702,-1.732292453915374e-05,0.019755965130935804,-0.0019244646366251006,0.0653457459387645,0.1685712068283454,0.22247068705728168,0.005849596639611728,0.010134600028659159,0.050363914577021766,0.2113427287619406
0.0116519830609157,0.1099646855670407,-0.001797049622023414,0.10252128046875106,-0.0027519411497227697,0.1778074099343241,-0.014179075181361023,0.013233901291075278,-0.00838669599719144,0.04571521732364714,-1.6776112038180413e-05,0.020398107724244108,-0.0010790263137041844,0.06836262884052466,0.1710002892202843,0.22667314950838674,0.00585087507824168,0.010208641204511098,0.04909829388259243,0.21576023493886826
0.011573074245689931,0.11299919047019302,-0.0018282222264033848,0.10555261579446712,-0.0022683356343320416,0.17808616625313345,-0.012591526936608177,0.01329081964644968,0.001831319640214324,0.05107736082147696,-3.225995760292033e-05,0.02099067180248615,-0.0012340165013414728,0.06996084528298907,0.1734113585535079,0.2324742427512917,0.0058514389321927445,0.010278043924704468,0.05984205398727976,0.22011618775796296
0.011488120073839753,0.11561851893608405,-0.0019517928866275552,0.1081583022224683,-0.0020861521874833144,0.17949184845509802,-0.01269934765369024,0.012933922960710786,0.00717244780337456,0.07455354959328075,2.7230273920736403e-05,0.021672277669666062,0.00042768572306636776,0.07210203090300371,0.17580348880276012,0.23477471378854572,0.005854476867839492,0.010325869593236753,0.04349939979369853,0.2244099109129503
0.011750776233788465,0.11776901255137642,-0.0016544101599737255,0.11025980764225866,-0.001156011411643787,0.18409819886272127,-0.011959594175731924,0.014303962859162888,-0.003642251852976619,0.07576944217668513,-4.6380306072096866e-05,0.02228564138570288,0.0002239595610135925,0.07569473621689823,0.17817582496866718,0.2414499637630384,0.0058549246171389156,0.010399527005991506,0.04642873661914843,0.2286408706133651
0.011842889882397576,0.119631440277777,-0.0016077179226821423,0.1119667034750382,4.5203997884657454e-05,0.19019233244135747,-0.010196331881110288,0.016240116969723585,-0.0034270660964139665,0.07390619841051227,-1.5437458899369982e-05,0.02300448263355037,-0.0004461582017980248,0.07905600062481064,0.18052757981781395,0.24788337384666023,0.005855779395591478,0.010460968368391237,0.06369181385172082,0.23280866594817373
0.011932010940516977,0.1223643996811014,-0.0014794496511099618,0.11449020642525959,-0.0005504077804987517,0.19623279167662022,-0.010680274738066676,0.01581105463743663,-0.001944863200687097,0.08052228559958097,-7.659344482072172e-05,0.02360717423912506,-0.0008984648629357384,0.07889948717159995,0.18285803084074545,0.2537664649777814,0.00585923599387706,0.010520143456734703,0.07320035880858526,0.23691301962226854
0.012150521904457173,0.12553155184124068,-0.0012721176036129857,0.11763664081117876,-0.0010945749921280612,0.1974654775982707,-0.011390033641034691,0.015829425665770957,-0.004333013638907257,0.08891319718540258,-0.00010454096312584316,0.02447728747330724,-0.0007308664418396449,0.08194316750823186,0.18516651743821963,0.25649261963312037,0.0058640952692270215,0.010584597971141186,0.07395430311209082,0.24095376907561852
0.012043920965355441,0.12783411701334815,-0.0013616293910910272,0.1199212370161321,-0.002297246605942327,0.20146879323233913,-0.012704198713653548,0.0156774759804731,-0.006078221018807728,0.07093341880139692,-4.691005803969528e-05,0.025247105785207946,-0.001047467999096885,0.08225714108198609,0.18745243833307562,0.26152463098846396,0.005866260861053321,0.010643480745284793,0.06077317792675823,0.2449308579909738
0.011802587558441924,0.13004030955179322,-0.0016128067277890838,0.12223339888745095,-0.002465065017797974,0.20561134257566915,-0.012980873858143671,0.015759084659223134,0.0019781090254845646,0.0633416003263193,-6.899813121324927e-05,0.02603949900793956,-0.0014541674786548164,0.0863341252237631,0.18971524919350555,0.2639861588007636,0.005868390323310101,0.01071010159306667,0.07445715806442087,0.2488443281926074
0.011580935820012694,0.13233442985017568,-0.0018709006592943517,0.12484384647322355,-0.0036426167309075996,0.20937294570543008,-0.013622471587327989,0.016486071559366232,-0.000947248885294405,0.07396005331229372,-3.699935547454847e-05,0.026800153384195724,-0.0006552873422423777,0.0895926433856983,0.19195446044293418,0.2703782199661176,0.005869505370015366,0.01079472114984756,0.06771462253289183,0.25269431193559894
0.01162505078249338,0.13517713550465793,-0.001988137449176577,0.1275909667784883,-0.0053513512940561725,0.21425588483904456,-0.013935590973888001,0.017187736702655186,0.0042551948892614044,0.04774629569682032,-3.657724285593966e-05,0.02753437844968465,-0.0007764268969591148,0.09093069957921823,0.1941696352222194,0.27554510396288245,0.00587107012669333,0.010861285006343214,0.09186799706397532,0.25648102458261374
0.011534048696545814,0.13770445695980843,-0.0020340282821692066,0.13006056102220118,-0.007850687028842396,0.22080890579972845,-0.013913641296088474,0.017510187747101925,-0.002718512736590295,0.06235170096280229,-1.6911401933467074e-05,0.028208482187613848,-0.0011435396348262183,0.09171005420760978,0.19636038746207202,0.27530714025182146,0.005871627566661862,0.010902834241072334,0.08846555966671589,0.26020475766293416
0.011069376100732107,0.1413593537527916,-0.00247901466019621,0.13360633007234884,-0.008369109246970208,0.22403991937258905,-0.013675754416652175,0.018430064176297844,-0.001987137313640419,0.08659514850971683,5.075285301961441e-05,0.02960357902449884,-0.0003266032993204937,0.0961259119430036,0.19852638001836975,0.2793515394173717,0.005871631422428722,0.010967030341804247,0.07548614990971485,0.2638658723066603
0.01117578432742072,0.14339923568597443,-0.0024025586148285205,0.13565490458723592,-0.004610202956019771,0.22830133497825433,-0.013767684026991434,0.018788945351679333,0.001392158874379712,0.0733195509282103,7.166585413576065e-05,0.02981344751534598,-0.00041988287641225863,0.09933928096125144,0.200667322821405,0.2852914635680756,0.005872207916116662,0.011025523540487423,0.09154848158299216,0.26746479304545645
0.011158960416265722,0.14594292187291014,-0.0022973248539624475,0.13821267602943332,-0.003453334220252735,0.23441750217120827,-0.013610007406699398,0.019062206000091807,-0.0013244280846023138,0.0806486076475581,6.323987599318737e-05,0.030910815537523284,0.0004186156962427967,0.10064183759265471,0.20278297099284637,0.29136132039346635,0.005871477209823635,0.011086017861954945,0.08220369727506192,0.27100200196996327
0.011345785853503147,0.14908928593711018,-0.002118854972227557,0.14130560764876252,-0.0029927678803440827,0.24083004412478903,-0.013961241826099901,0.019308197406991634,0.0002693127004832485,0.08808523636115739,0.00016960594590670341,0.031950138919853543,0.0002537785730991893,0.10225064991217112,0.20487312289158868,0.29746616700025597,0.0058684299520038626,0.011157869649878017,0.08472299984823348,0.27447803323298475
0.011474135655703863,0.15185809418241275,-0.0019900492842422797,0.14405971319214836,0.0007296887556624831,0.24234573793484548,-0.014018671609138288,0.01997333564967917,0.018568410668488133,0.09679807157360476,0.000170948563691542,0.03268203821976434,0.00051103330795646,0.10572717071110518,0.20693761806128402,0.3042472423231777,0.005866043555489313,0.011237782216033483,0.08810325806003598,0.2778934678867713
0.011705526874684485,0.1547731708818197,-0.0016859629867664472,0.14681394438506076,0.0040859011020051295,0.24528396339362457,-0.013664468934012275,0.020016541461963355,0.0029468357776318843,0.07428933427700579,0.00015229234763960986,0.03331464252874117,-6.251791005967844e-05,0.10679211238098968,0.20897633506700902,0.3091781770720305,0.005866148541649748,0.011314705827096245,0.09016411079648368,0.28124892904212867
0.011781197864957389,0.15755557229920253,-0.001583641078762868,0.14965360075544512,0.0054135349849224745,0.2529408029614706,-0.014190676952033632,0.02075404095906862,-0.0009750141075666185,0.0821807600521659,7.440113238452173e-05,0.034124297411543436,0.0006046771547359442,0.11278165616223337,0.21098918922444848,0.31478345626026044,0.005868652884190483,0.011371546239854454,0.09194281688681381,0.28454507733666473
0.012086773343325523,0.1597950683909748,-0.0012952945227317839,0.151994364577331,0.0035968847554967986,0.2603373094531294,-0.014602112505507825,0.021616051133647028,-0.005555603008675636,0.06645288454121068,0.00030752408463052827,0.035246050239921,-0.0005110066919773171,0.11436965481855271,0.21297613024011386,0.3186294613788323,0.005870348444805855,0.011437420723943518,0.09862749077862301,0.2877826066992135
0.011810371104049883,0.16029499925876667,-0.001480953050581638,0.15245712769557201,0.002687004960082673,0.263960393320937,-0.014566668204142597,0.021969331841710633,0.0015448094849986882,0.11005736897862417,0.0002491760636905149,0.03610121088693896,-0.0006279745330466657,0.11894902354171133,0.214937139793539,0.3187322328419484,0.005870152746070485,0.011516250120900745,0.10297507656445055,0.29096224039734536
0.012100501151112346,0.16321484143681764,-0.0011866720314747982,0.1554233656441084,0.0009493673719176421,0.26747918420056505,-0.01577616181629001,0.022132158715670446,0.008754827278097621,0.09631466644076525,0.0002749068093360063,0.03704053960235165,-0.0001912148610869746,0.1252234484659037,0.21687222910068985,0.3227826941931215,0.0058682571764972135,0.011565813158185573,0.0952426777991759,0.2940847273548423
0.012222133763219553,0.1655138340338123,-0.0010812688711088047,0.15776585315328207,0.002305288090312274,0.2716195531621225,-0.017026088859281252,0.02266768113314895,0.006621179856822423,0.12893649673575636,0.0003528727622903183,0.03829818846103605,-0.0009858579161677317,0.12875194430123205,0.21878143650131113,0.32992823515754577,0.005865982406180426,0.011614635004439516,0.0914134697527363,0.2971508387260901
0.011998078041344607,0.16910914560980356,-0.0013692040152847047,0.1614863122591816,0.0011986393676595153,0.27980669261402846,-0.01903801047598732,0.021437882301003658,0.005399083705287522,0.07729424919022443,0.0002037064159484958,0.039466617692509365,-0.0012304641330234956,0.13091598517187522,0.22066482511173457,0.33217992519801876,0.005862610485872187,0.01169069208783459,0.10133109045149609,0.30016136471449884
0.01213361375501226,0.17206185588740736,-0.0012014237633151507,0.16433768463614606,0.005646479890343725,0.2879263970971877,-0.017809499262314187,0.023038697442470956,-0.003053573216488914,0.1346420461315636,0.0003136614753344036,0.0403095307944743,0.00010488065341601738,0.1348849789736929,0.2225224805795783,0.334836051790518,0.005857726698410626,0.011740039693811846,0.08954365257500269,0.30311711162227417
0.012324632197711339,0.17476284332864084,-0.000996945407039214,0.16688734235662794,0.004715268456827237,0.2922501831159706,-0.01827406705108353,0.02320162873802146,-0.008457316699037598,0.12411770090926755,0.00029082040391681385,0.0412473993291298,0.0006277955969163362,0.13432051127492092,0.22435450896898845,0.3377355529514146,0.005853598515293024,0.011811896580247967,0.11077343459436909,0.3060188991191517
0.012374803840372364,0.17701768275845947,-0.001067707583514474,0.16920382995578473,0.0050758195094566805,0.2964621182501135,-0.01753997556560527,0.02414253357663746,0.015378793460058438,0.10720376956865763,0.00020699758138692514,0.042286316714478245,0.0007791422902838907,0.13707729488627934,0.22616103479596264,0.3454152821286825,0.0058514375342880055,0.011893474368042063,0.10702253643275869,0.3088675577180251
0.011941710103457511,0.18000386106061683,-0.0014635325961621804,0.17208301272724955,0.007345540245164095,0.30206913321122664,-0.016897819464673412,0.024650339628777707,-0.01530186681493384,0.11701964110570873,0.00015493601727584183,0.043313859200164506,0.000724143317938325,0.1430642648378758,0.22794219922408243,0.3541146768983338,0.0058486101445205906,0.011937961424535893,0.11116451187513535,0.3116639264457584
0.011856157014270199,0.18337986415234547,-0.0015732732264119326,0.17550136964263904,0.009746250728430272,0.3069405639496594,-0.01696262767173533,0.02498400264571634,-0.01457633623877408,0.14522373994574678,8.834198967197504e-05,0.0442361537849445,0.0015016730891706798,0.14493494170663204,0.22969815842265015,0.3607481278897538,0.005844866848065304,0.01201653197736548,0.1198387425158573,0.3144088506978679
0.011833654864002282,0.18513501476253608,-0.001670771548797842,0.17751109081686312,0.009088786445657915,0.311807796048695,-0.017859336675704617,0.023838772712154083,0.005664204439027265,0.12599917884604217,0.00012902075711188066,0.045320046772925116,0.001327538823261143,0.14973929021257562,0.23142908208238125,0.36409587690202483,0.005843859263000102,0.01209359483436463,0.12605788856861522,0.31710318026616374
0.011670982760060272,0.18791120233277747,-0.0018192834951763978,0.18030336818380652,0.009494551369342519,0.31918067518980353,-0.016410765444821684,0.025675538364036736,-0.009386645384174663,0.1499514494494404,5.331804789218686e-05,0.04619644404861489,0.0007876169851818715,0.1537093428982569,0.23313515207875019,0.3679035142109447,0.0058456549199838795,0.012161348564217609,0.10682151770937111,0.31974776752887085
0.011414667037613643,0.19135725436346612,-0.002132636559829381,0.18385985294323842,0.00800138665002148,0.3264351224184503,-0.017378170878653353,0.02488311051486485,0.002526650472397085,0.10559439056644382,0.00014209810813317625,0.04735760262833755,0.00018338098511117007,0.1577588791814555,0.23481656126983302,0.3699577305451449,0.005846186676089439,0.01220613404512819,0.0938938080136042,0.3223434657931816
0.011426082296728028,0.19353288836563304,-0.002138882751281974,0.1859920844280059,0.0082715858525233,0.3343119324354805,-0.018176114651254703,0.023765134960515605,0.00668298136334633,0.15894173684809976,9.605548037452949e-05,0.048358992152037095,-0.00011994023260780695,0.15927591822829548,0.23647351241386624,0.372475208952663,0.005846486822959852,0.012262919102523615,0.09212638234342789,0.3248911277806321
0.011482158053767202,0.1966209596640815,-0.0019399501101953574,0.18902830385814473,0.007046570327760682,0.34106450816998823,-0.018576312683104702,0.02422611327912047,-0.0058381594678880155,0.15211190658624685,0.0001570200694467616,0.04942793775997889,0.0011404510784088495,0.16030888404659735,0.2381062171914624,0.37637931499309146,0.005847774893524389,0.012328343093748632,0.1066811934473711,0.32739160424613806
0.011334138398052328,0.19728916537121222,-0.002056948866411657,0.18971076923643934,0.004643422871323022,0.3449770580952658,-0.018420980721115744,0.024446641033971105,-0.00123680945047,0.1254594218751841,1.0499277297931764e-05,0.050317430156608944,0.0004926017708762054,0.16802683998906062,0.23971489531816906,0.3793007891110882,0.005849953164586345,0.012384029188259295,0.1032785083625807,0.3298457427219583
0.011204604351263827,0.20017880711503966,-0.0021995409918760776,0.19258718450114548,0.005438466696028321,0.3477847296022032,-0.01799253225474714,0.025675562167402067,0.006776256121007074,0.12272390789580245,3.400617583862453e-05,0.051402195992855004,0.0008414467419698979,0.1658960433289366,0.24129977373451109,0.38474571597599666,0.005851038405736994,0.012442985708477109,0.1053384902365927,0.332254386378292
0.011271572212363381,0.20207384289235586,-0.0021767400395774107,0.19446780897963323,0.005360453822780942,0.3522521886937754,-0.016922624619374528,0.0265256455542985,0.0022139090310137055,0.11642160272106994,7.806214394606714e-05,0.05254653257410835,0.0009081170559036011,0.17232933211586163,0.24286108586254124,0.3878956020583146,0.005851231562780353,0.012523497698118821,0.1057016107787597,0.3346183729926391
0.011017948250325454,0.2028148300902094,-0.002461089953761153,0.19509640012119198,0.0053546776393860185,0.3541589332489071,-0.01678034583111391,0.026708325546312334,0.006152916065543024,0.1572556385163706,-9.38282651076483e-05,0.05342623219237708,0.00011914546748820198,0.173127487724885,0.2443990709200035,0.3919868006990589,0.005852558331281986,0.012585952695172332,0.12058652574707075,0.3369385340204671
0.011132511943324336,0.2034992022034776,-0.002387600959313502,0.19560678015782634,0.007061587611174813,0.3584875420576623,-0.016997381728321992,0.026195470428108027,-0.0005620271158628398,0.15576315011157615,-0.00010922779272171113,0.05459283704437867,-0.0006770860817652824,0.17890498363071963,0.245913973285317,0.3957617674016751,0.005854106850126495,0.012667307585365375,0.115496377331785,0.33921569376013605
0.011064577410021372,0.2064272810281596,-0.0024038230886419005,0.198606553780128,0.008064878580083201,0.3650043662130191,-0.018046369782448925,0.02563323969686474,-0.0036951843828929576,0.1552341010766929,-9.074325177968467e-05,0.05569313434678391,5.171569991696545e-05,0.1845111077192885,0.24740604190857174,0.3998238359202985,0.0058554750805899025,0.012709579071864704,0.11123626769895928,0.3414506686054176
0.010982908015954047,0.2090436540551433,-0.0024146647666294496,0.20126862091550377,0.007621556495478687,0.3665906650100773,-0.01901947058370874,0.024964201458664764,-0.006413127031113408,0.15949299444287024,-9.565633453142985e-05,0.05697012480400887,0.0007445570977746008,0.18988544163396234,0.24887552976550903,0.4043796696579875,0.005855198168963975,0.012759388093262733,0.10956635174469252,0.34364426637933415
0.010829006450225994,0.21136972044011237,-0.0025105908860761396,0.20352703159063526,0.005670930864080548,0.3700121596803453,-0.019726940198679776,0.02524252116746884,-0.002815447419670436,0.1573618174924155,0.00010993775976492204,0.05807886564229481,0.0010253632831834225,0.19605135449393046,0.2503226933529566,0.40833053820402987,0.005853655333415289,0.01280249576024218,0.1032954972887196,0.3457972857433991
0.010702813386866628,0.21318416053123512,-0.0026393456384771544,0.2053607089107398,0.005093188830671336,0.37343133147440655,-0.0208080414774941,0.024689681206113596,-0.0016499783874635021,0.1516516651060964,-6.048583188222878e-05,0.05936735395504544,0.0011909150892408793,0.19993005496443178,0.25174779222537874,0.41162964387809764,0.005851998819218577,0.012849692663816586,0.11388045761578233,0.34791051567669157
0.010767141314660677,0.21497541399739895,-0.0025485652002484854,0.20712446185838965,0.004668174424618643,0.3764052031197952,-0.021753734351951815,0.024828443200384548,-0.008278624407117352,0.16156629004918788,8.418075387456314e-06,0.06044415566931427,0.0004476284172190148,0.20447232464312629,0.25315108857303115,0.417484530450789,0.005850640379323674,0.01291659704718785,0.10885971052435561,0.34998473501953914
0.01096260618802197,0.21729129783066792,-0.0024772986654854716,0.20942737944838127,0.0035490561466118287,0.3819121510131587,-0.021402138974044426,0.02613837784345141,0.0041344826008111735,0.18228571270516325,-0.00011844681268974311,0.06171112789562572,0.00035890247152606247,0.20619640725522154,0.2545328468426801,0.4197443028738961,0.005850662599129494,0.013003252585418276,0.10611843888614206,0.3520207120769005
0.010991634125109891,0.007047363006043476,-0.00123381401079262,-0.001133187348674609,0.00045589733111639497,-0.0004185451214613334,-0.0004513063598262868,-0.0021476752058498193,-0.008952517561285678,0.0022374963871849562,-0.00011163855626994401,0.0001369066181566847,0.0014772580988859363,0.0016424884126912676,0.07896460947079877,0.03979324248741984,0.005649738641681009,0.007930436991984542,0.0,0.006086028024400759
0.011787680500601978,0.006942548908779333,-0.00032122403264180956,-0.001271864085023864,0.002404976813767501,0.004939235989058988,0.00033077602332916013,-0.0005874470295274658,-0.004229945976123917,0.00759755682032659,-0.00011125476734344386,0.00017073566142222774,0.0014208810134099525,-0.0007938062829076498,0.079100596563434,0.04195161453493767,0.00564743241808119,0.007926119074309707,0.0,0.006012140417698781
0.011442663352717767,0.007448730586611729,-0.0007550022908186724,-0.0007564854857508626,0.00269024760548886,0.008665830894717175,0.0006964632254691461,0.00016130848946961375,0.0035306381910693574,0.0155143564709872,-0.00015696034607878828,0.0002467107215978759,0.00044132124343651546,0.0006206751870765082,0.07933884468546658,0.04064229944266532,0.005650297049970688,0.007942878530921904,0.0,0.006205624735212614
0.01153791803309421,0.008844960603105424,-0.0006956842313839591,0.0008804773450889845,0.0014056082701168204,0.007821982262181448,0.0004265603981856381,7.165208617492258e-05,-0.0008573840064070026,-0.001270314925889915,-5.3900286193675484e-05,0.00019845387582251295,0.0002762576357761837,0.00028087831391246376,0.0796786502958708,0.043895266812129984,0.005654197186171653,0.00794211154061721,0.008496072897501932,0.006665977625084301
0.012052518572378865,0.009470295148534157,-0.0001888595030848806,0.0012945053730946936,-0.0008086879930204738,0.011180538461918577,0.0001541441741115368,0.0008300601591212598,-0.004088103290848855,-0.0057048550088325545,2.3043409518280766e-05,0.0002517867925381223,0.00048240134542407165,-0.0012738621188306265,0.08011910762067267,0.04621574259092088,0.005660420986791964,0.007954818217108634,0.0067974410905275885,0.007391806634460126
0.011812054065594635,0.009516515961806825,-0.00039121604914056987,0.0014566861610256637,0.002610034601799871,0.003923834481518895,0.0007685174977318354,0.0012681186503768927,-0.0012524947537655429,-0.006126868332194446,-4.697547482862552e-06,0.0003801366581103194,0.00141590232004829,0.0009483910064365941,0.08065912300223783,0.04356258325332144,0.005667762732324676,0.007951654009519422,0.0,0.008380841798864322
0.011575398032616768,0.010232852498351383,-0.0005946432205699917,0.002000647472785227,0.0006058679636444797,0.0012352952333012368,0.0014983290661724658,0.0013795567320634694,0.0034266803618951958,0.0031986000309576212,3.995509681714582e-05,0.0004715471164001839,0.0020756664420674975,0.0015950792305932382,0.081297425814863,0.046889750242948024,0.005679474291382229,0.007977136374512419,0.004297364796620346,0.00962995456165339
0.011811456516471613,0.010140146359734915,-0.00025175223949050127,0.0019574758180689964,0.000945728549865299,-0.0012591462255981956,-0.0005358560074579133,-0.0009041770118168424,0.002014080072255675,0.004183167734210236,3.506459530019934e-05,0.0005634498047588643,0.0011587002241377764,0.0006297081736194032,0.0820325774261344,0.04978346522995252,0.005682777295112216,0.007972226731164394,0.003138114295904289,0.011135183722002196
0.011921394425972377,0.010625676516302494,-0.00011933545646150741,0.00239565966352801,-0.0002093154305791156,0.0018767805587085462,-0.0012451292373973576,-0.0006174455321539707,0.002862642750886324,-0.0025398585495566284,-3.4783655754710985e-05,0.0006518093570294647,0.00131006008349685,0.000789284594690326,0.08286297981656437,0.05140236777840421,0.005687527678341116,0.007973113459090245,0.0,0.01289176800243376
0.011520335063677386,0.010778143715808916,-0.0007010840323302195,0.0027523091580211757,-0.003313046765686556,0.003474344551614772,-0.0015900923873378048,6.752662326937608e-05,0.007187023747142085,0.003492545078473741,-4.075262406194602e-05,0.000743938035896341,0.0008810535312391288,-0.0008889108672809898,0.08378688516619436,0.04669927332781098,0.0056891644296631055,0.007979389268741375,0.016800915157869398,0.014894184729925874
0.01184899790520412,0.012229342044183373,-0.00032253211241063846,0.004034847922830483,-0.0034879549438611157,0.0070539608909463425,-0.001620860163825999,0.0005595028145966685,-0.0035557891987800794,-0.003801263827788448,-4.7302523329018076e-05,0.0008142424431689665,0.0005789480418562087,0.0002055987923084146,0.08480240711479667,0.046316435683583984,0.005688642214644798,0.007989569376548874,0.004536189302277031,0.017136194040345856
0.011682175692324354,0.012311244675694118,-0.0004867725623276288,0.004313949464043532,-0.004201201228261731,0.007992427107108124,-0.003271254335992435,0.00011280623747487173,0.0051263398546836925,0.0003503761415085682,-0.00014281075043190428,0.0009450272539509585,0.0007941422635573403,-0.0007089168997215789,0.08590753366202586,0.046554675127580755,0.0056858934910337805,0.008012139446630788,0.0,0.019610887946146776
0.011658464558489432,0.013336361291286021,-0.0005730709252675902,0.005386767886562746,-0.0005205158387013853,0.00856506319125061,-0.004777959108150698,-0.0015130058501177323,-0.005691519752791807,-0.004537095435399374,-0.00011718537839730536,0.0010431006438230694,0.0015544815747527418,0.0021800295287618676,0.0871001409578509,0.050208832121648374,0.00568867873534503,0.008017378118084766,0.0,0.022310743553155096
0.011519649050016498,0.014227015738778073,-0.0005796595275079381,0.006425519836976752,0.0019092507364610878,0.007973693670936477,-0.003836104091735226,-0.0009668054457220854,0.0032114427357203823,-0.002584198878633037,-0.00013072191098606467,0.0011841605028847235,0.0014338232657441496,0.0010592745923901081,0.08837800669661251,0.050368624805761986,0.005692781999806395,0.008036392628177924,0.00924347761683311,0.025227679674600774
0.011256891342707596,0.015247370376014199,-0.0007760312665621664,0.007489031457984566,0.0005894886755248852,0.009391655563313561,-0.0016873661222468583,0.0005549955080619395,0.010473557841267578,-0.0009681680747579691,-3.1361853599504164e-05,0.0012433958345138274,0.00121762320844776,0.004004621466771552,0.08973882160609543,0.053263698882051576,0.00569970264279465,0.008052405885696737,0.0,0.028353116069454846
0.011519843484141661,0.01645118306433139,-0.0007519680873708471,0.008685628914615488,-0.0019000782108944403,0.011382433466243125,-0.0007857236306978655,0.0023158251192579304,0.007350266883793588,-0.00029424884884643454,-1.857611035843698e-05,0.0013727069367271971,0.0021527211032104643,0.0037981996471591895,0.09118019770958488,0.05334006268577893,0.005709678668834739,0.008073659530562808,0.0,0.031678034527302966
0.011532096916542677,0.016924443909310683,-0.0008465934876063057,0.008909947219946706,-0.00013951653635801975,0.017648359064484476,-0.0023928230136949446,0.0014374275925884028,0.011330577525864527,0.0011770047559334085,-2.0652915751373513e-05,0.0014906062314407054,0.0024545585543046533,0.004607423972191188,0.09269967264152666,0.055032199276630556,0.00571666435956205,0.008086383554218325,0.0,0.03519304103257687
0.011787463968170158,0.018092163501555344,-0.0007357372706900019,0.01014665812711264,-0.004546431115842964,0.021570977635869903,-0.0036110888741083145,0.0010321563767126674,0.005977805838946693,0.004119591046548465,3.3462948163948125e-05,0.001814441489238372,0.0016401726319904553,0.003740864014256634,0.09429471019396057,0.06446012571714277,0.005727314733256934,0.008116680822865487,0.018059335175596096,0.0388884282657682
0.012400850184970717,0.019079537536884784,-0.00010549111349734963,0.011223334724559164,-0.005595102033262966,0.02693535749830467,-0.0012872403011833567,0.0030611134157588205,0.02055849166118584,0.008671065807399847,-2.2237959150461784e-05,0.001958000362708323,0.0012492767948885652,0.0076465677040001845,0.09596269821164712,0.06392703891945956,0.00573341955812942,0.00815264280620973,0.015349616865389933,0.04275423773670358
0.012862683946641442,0.02004489815044246,0.00031294403846949745,0.0121199461824285,-0.003560366960502215,0.026468423236208682,-0.0013329078901592629,0.002733644852144701,0.005002693422986093,0.003095754272473883,6.5097346253761845e-06,0.0019481095417829275,0.0008523791690710769,0.007941276743335918,0.09770094564130978,0.06385192738311253,0.005734918729610565,0.008187674230857788,0.0014391952439026397,0.04678032089325657
0.013143379677766104,0.02134479097773061,0.0005369981896395856,0.013365231051363375,-0.005213816954146022,0.02934706818571331,-0.0006170033423091526,0.0036140642465020355,-0.0028181829054758634,0.012348922903363202,8.312055334100399e-05,0.0023730791422108544,0.0013015714176004556,0.008699283331618735,0.09950668075777953,0.06488826920880597,0.005735899563365087,0.008224341536624222,0.004870423330617836,0.05095639860604161
0.012772911378008367,0.02326083622198062,0.00013434361451318717,0.015304436957600543,-0.00781422160764178,0.030677397077525814,-0.0018958950404197594,0.002097017573796067,0.002876519486261886,0.0022467939804995396,3.354469054442366e-05,0.0024846769108327615,0.0006101099753739181,0.008920475852811804,0.10137705229755298,0.07158158312430327,0.005741906886499999,0.008250299790908553,0.01933930874735488,0.05527211849362048
0.013023831634477075,0.024925152516238298,0.00046673288691988744,0.016976947931819135,-0.007678726537293512,0.03656632519043135,-0.001473678268791745,0.003275368310757587,-0.00010879080894277138,-0.0011193070570278962,1.815681031794303e-05,0.0026164943116963046,-5.490131474347737e-05,0.007534504461896907,0.10330913456821889,0.08008440867399425,0.005752607632073532,0.0082976175688754,0.03223113537582581,0.0597171096214965
0.01344363030108434,0.026368533489264084,0.0007858465501221004,0.018504697514800498,-0.0031998308951095566,0.038825005566613724,-0.0023295313895692503,0.0025657196056774966,0.0013930476370418443,0.009985676318642,4.147075387539445e-07,0.002786589257098071,0.000829510406084838,0.009324849877072827,0.1052999368044689,0.08177522649614546,0.005762238170260723,0.00834654969752505,0.018523714028602062,0.06428103417968087
0.012981705624995154,0.028611080743836725,0.00029458145276467507,0.020581303103764565,0.0013704972207078114,0.034950624538602204,-0.0027958300702056625,0.002998205194944037,-0.009987695672160735,0.018917748099386955,5.694156402963335e-05,0.0031834737096954058,0.0010433953565781307,0.010995983959948386,0.10734641632800974,0.08456702651758007,0.005773861196362209,0.008380066062674683,0.02935557115156224,0.06895363581603071
0.012610540489688774,0.030487472744574494,-3.6017446721204466e-05,0.022447081676219137,0.0038538733401358716,0.033169654403464977,-0.004035243201339555,0.001509421516006282,-0.003928475831730838,0.016869872078222548,7.243107544688265e-05,0.003434207091984165,0.0003655123437935337,0.011742123443706703,0.10944549457504904,0.0845207255856974,0.005780775060599554,0.008415769105584944,0.02572746368488037,0.07372478437417714
0.012269621246441466,0.031689127212310056,-0.0003490248553774198,0.023673229106981004,0.005578743633754879,0.0359324785407269,-0.0043620206096022015,0.001725811708523184,0.009719830648530658,0.006503511185675492,1.391126475569493e-05,0.0036120856314152405,0.0011014433038792903,0.013713569852893931,0.1115940748180848,0.08882446098408175,0.00578779477318777,0.008449381295396258,0.012970865028770146,0.07858451685420532
0.012657340461091088,0.033762402371789124,8.718657105624174e-05,0.02569389823137136,0.00695178962498999,0.03757723567983873,-0.0027006326119893955,0.004576819224263551,0.009821864756758059,0.007232306460368543,-1.0218410732371064e-05,0.0036286503591475006,0.001914279726737328,0.011735673517576567,0.11378906039214734,0.0941878540149075,0.005792934742135257,0.008476369545016996,0.016775524516674703,0.08352307448005787
0.012436100411863483,0.03698640009565539,2.5211670682697557e-05,0.028689937967591193,0.005135259869931463,0.04146817845479589,-0.0024793085600662733,0.005773654809838625,0.0024217196804496854,0.01434150303813797,-3.6732917623183425e-06,0.003950942666030022,0.0025315648229121412,0.011984151016718597,0.1160273723667898,0.09958619107871441,0.005795462534582819,0.008526381360144894,0.02761962639770147,0.0885309358188933
0.012195064976627288,0.03920603079915885,-0.0002679856366988795,0.030725222205566963,0.002111831981127743,0.03826089169784863,-0.0030248380034971654,0.005378216521643042,0.0021732540735367456,0.008037877513810465,0.00013983019090310633,0.0047169304020051595,0.0024410573814601377,0.01475000664522308,0.11830596580634127,0.10580283056262653,0.005797748581326556,0.008593286663966153,0.031182151382553727,0.09359884595356673
0.012288505568539845,0.04174204671488598,-6.45651036003253e-05,0.03316963568955926,0.004369250732695784,0.040435670250244415,-0.00352066835021978,0.00461739584019365,0.006431837140392416,0.010667180437619939,-0.0001009288354001936,0.005020323624648548,0.0011137390247961398,0.01568972421835385,0.1206218439699038,0.11056174987142127,0.0058025513324047005,0.008618922916112465,0.035746195972112,0.0987178417594656
0.01194679252750335,0.04411760057434316,-0.00048371235314306933,0.0356680920391958,0.0008199343181329866,0.04278818465826961,-0.006732086359469547,0.0016190109148855214,-0.0035048779541630992,0.014527517439413273,-7.87735604210471e-05,0.005560143441246224,0.00044337931252780294,0.015769244945463112,0.12297206998325194,0.10765830773668303,0.005805586312259148,0.008655493427786253,0.025237266722068545,0.1038792733808054
0.011707247163932311,0.046102283389007084,-0.000697785359840988,0.0374567687446509,-0.000168218829724065,0.0539398488278684,-0.0072047677564146765,0.0024280375568262124,-0.003621393822674346,0.030962089225986866,-0.00011430576791193747,0.0058301617468490274,0.00010146611692155028,0.01874673832679552,0.12535377566089453,0.11000940349403096,0.005815737228354037,0.008689157486965304,0.03176693044577938,0.10907482203903363
0.011634724585811185,0.04849760920099217,-0.0008369057850979803,0.039940497383599984,0.00010818962482805894,0.060061318429019295,-0.006591662867598935,0.002867261018814593,-0.0030086626794243454,0.03098514383341011,-9.065221936879753e-05,0.006131740703360866,0.0002644241455560248,0.02000167934781799,0.12776416728737947,0.11337538786922403,0.005827205027423407,0.008750306133308046,0.03985602176227896,0.11429651433724511
0.011774471199360238,0.05100798217038473,-0.0006126083714390277,0.04225825287570269,-0.0011853542388342575,0.06351948498179816,-0.00773983605298928,0.0021931041649543292,-1.8128053297594704e-05,0.00980764809243051,-0.00013928811508839845,0.006493645967112105,-0.00014993465596846445,0.023105584360587156,0.13020052831466866,0.11838304673760097,0.005835536529996335,0.008792865035463202,0.0443117385664788,0.11953673324966121
0.011801605227382012,0.05386530281558555,-0.0005893363893742162,0.04506287347608031,-0.0013745545152514804,0.06301169758434444,-0.007436088476268243,0.003477981196259039,0.0031865198638515446,0.026705759519695782,-0.00014360540152172363,0.00684987520907443,0.00037732521232258787,0.023264437988078257,0.13266021912277745,0.12366984890547326,0.005843219822283534,0.008839329325550808,0.04308485220805101,0.12478822600457441
0.011625791116451402,0.05628537119731884,-0.0007119081278614773,0.04747979944329083,-0.0018614889117043454,0.06951103911874679,-0.007616730695948992,0.004035074434668484,-0.004754477403180246,0.02796374932282042,-8.167577430670536e-05,0.007142923389336642,-0.00022498421201416763,0.023947476175965987,0.13514067422409598,0.1261757085617736,0.005848869975496623,0.00887518590217914,0.04803911876542384,0.13004410908309463
0.01156642819775984,0.05884631314327496,-0.0006884011839614085,0.0501673550819734,-0.005159540686516584,0.0736838137625575,-0.007654700797658098,0.0036124222779114756,-0.0013481531323191742,0.02145384513119386,-9.902820340132457e-05,0.007901001559380672,0.000310673117751209,0.025730576004756228,0.13763939753464355,0.13038675671970795,0.005851870778964695,0.00891749719500616,0.04332094663245209,0.13529787056501846
0.011627258238387554,0.06064460796508014,-0.000649896496188929,0.05180698875637506,-0.006674157656307633,0.07926139241643626,-0.007514445701240047,0.004679768581066135,-0.005808794662353733,0.028726002564958386,-6.700087257030529e-05,0.008091592758325494,0.0005656129714413372,0.026828115900287802,0.14015395653101562,0.13508189076703264,0.005855624330561591,0.008954333546537432,0.06285281690685843,0.14054337005767667
0.01204194066580987,0.06258194745084909,-0.00026371646676563547,0.05382362273036788,-0.005757725115421719,0.08133362309409953,-0.007318757035609002,0.0042353081204736685,0.005043958858446884,0.032397835419686216,-7.050774681049976e-05,0.008338093783923028,0.00041117481932784194,0.026884878521906214,0.14268197620371745,0.13630143779198647,0.005856755746754331,0.009009245640610843,0.04809773906907756,0.14577483644422604
0.011584918464063919,0.06526865700541234,-0.0006645207710435277,0.05645869056257939,-0.00917256395322874,0.08641152839913868,-0.008229516848656037,0.0038281133883441786,0.009906393869396402,0.020801762016109726,-7.454156754341246e-05,0.00886067858931927,0.0010919966665324798,0.031350075484548046,0.14522113367592906,0.14520551015902075,0.005853634880768864,0.00906677302203664,0.058851985264791934,0.15098686368506614
0.011231882135055169,0.06872704646653699,-0.0009479233435415509,0.05983629428612554,-0.008426574094173134,0.09341080270418645,-0.009862757425811186,0.0027117353137512622,0.0026549048031000444,0.02660961867574385,-4.04020447231368e-05,0.009220769945693874,0.0006848575055965478,0.033684909492420506,0.14776915419029463,0.14984285780935278,0.005854366842268134,0.009133428442103103,0.06009310508618274,0.156174404900407
0.011113466725905026,0.07149659388542734,-0.0011057309034665837,0.06265144405118062,-0.01004013144981486,0.09601596433921822,-0.00878375693567185,0.004590702229818155,-0.009386022143960115,0.006796068359435359,-4.93836694018257e-06,0.009735049973286669,0.0009883867981155536,0.03716290469059175,0.15032380891659303,0.15689459863569408,0.005858205190437474,0.00917910980747857,0.0732488610408776,0.1613327649539858
0.010845913504425871,0.07383834889420557,-0.0013373181130341104,0.06479845310687435,-0.009637216798147552,0.09760169607778457,-0.008535245202577934,0.005304050476078359,-0.008469520906438932,0.019800031587241862,2.648528487345092e-05,0.01018551348357033,0.0003740311098263671,0.037567541986272435,0.1528829147557977,0.16513760444814135,0.005871541627759831,0.009232635998964123,0.049720465457443803,0.16645759174800934
0.010564598907546211,0.07638139717383993,-0.0017724809718965007,0.06738757708262198,-0.008262258861722493,0.09881142713717139,-0.009196969633537421,0.005284602736433541,-0.010267803592239,0.025842598543922457,-3.975371848430331e-05,0.010551715524944938,-0.0007105881279073079,0.036985875026286946,0.1554443360613027,0.1691226704301936,0.005883016414591508,0.009312847762183427,0.06353168166409698,0.17154486642800676
0.010867533566215075,0.0796134668521061,-0.0014764798653053128,0.07042673740542676,-0.0035566745847237513,0.10209108498013486,-0.0095263480563621,0.006189784138353305,-0.005971955507228843,0.038566054675873374,4.709252263318531e-05,0.010955802931157277,-0.0016113206169045269,0.041322734527391575,0.1580059879989255,0.1726150887475323,0.005892688894843761,0.009376826099367928,0.0671760807862671,0.17659089268383107
0.011098291787918418,0.08247111211794433,-0.0012729621163735556,0.07344924017221795,-0.0035302124763814113,0.10289402621031796,-0.008782531995014331,0.008309258234464146,-0.0088906067988197,0.035485632677179746,0.00010684903584068373,0.011788434632705735,-0.0019886211769776507,0.03981896694818482,0.16056584113735484,0.1796944795537983,0.005899869696029756,0.009431758307802202,0.06649602752996424,0.18159228531987734
0.010886285143957865,0.08498537338804651,-0.0015183215707994628,0.07598056758334984,-0.00039772974749352485,0.10810747789285213,-0.008788478259501664,0.00859944281457029,0.020845271373316265,0.04608328357990088,4.713263676919821e-05,0.012045258089600663,-0.0009495915522795273,0.038856971230697146,0.16312192679886292,0.1844193617841413,0.005904404287694627,0.009501179050550198,0.07137848395266087,0.18654595825402137
0.010842031985411137,0.08943113150788568,-0.0016395120026069885,0.08040262895552014,0.0011274653371469157,0.11509604371918924,-0.010068427091148534,0.007917754975478374,0.0029220331507205932,0.0349365358451198,0.00020921136098644988,0.01237794817826865,4.774109602537213e-05,0.04289303709467046,0.1656723426968643,0.1902328851572736,0.005906188143164151,0.009579356335625611,0.06796965335419951,0.19144911209107876
0.010857925460419532,0.09173694731526924,-0.0016224891211647219,0.08267120368598584,0.0002894557755743765,0.12241705300376848,-0.010142486671796213,0.009793274708932875,-0.0008521892738817538,0.027068488462329676,0.00017529179237513182,0.01321295039648862,0.0007769791198194431,0.047517326977055074,0.16821525842941581,0.19319858313979316,0.005909727384402192,0.009629459206209797,0.056686414178430615,0.1962992214029776
0.010998858176326488,0.09289578463213717,-0.0015685666389809328,0.08394258688321765,-0.002207766786885834,0.12600976475930392,-0.010822859215724623,0.009927589353338883,-0.002377959161699028,0.04336408611117726,0.00014647919744539828,0.013630376913270403,0.00014827571326972433,0.0474206837926584,0.17074892047249784,0.19574880204617656,0.005916194409309188,0.009664733797180988,0.05631061677248535,0.2010940218345049
0.010867834142491317,0.09664201269960573,-0.0017736369647819352,0.08783060643623136,-0.005731200996539565,0.12952268665886324,-0.010947737650787104,0.01014676094532806,-0.004822722699816762,0.04949654074607768,0.00011201343019562326,0.014311778128713981,0.00032014716975750646,0.04746931093179013,0.17327165641063397,0.19536771786628215,0.0059232150705204895,0.009715765220537433,0.05634792449408665,0.20583149714059398
0.010662251178989987,0.09973937990602494,-0.0019200622170525306,0.0909761408366835,-0.005452565388209818,0.13343430252979527,-0.012015552396043095,0.009890379418265626,0.0060826433694263216,0.04361862339668365,0.0002154762973765323,0.014579483673144655,-0.00021933791172673578,0.05188933640799537,0.17578187824247365,0.19630423474423225,0.0059307725345872754,0.009771010712988009,0.05613082947791644,0.21050986624876947
0.010662964019108276,0.10301629512151464,-0.0018349199884385454,0.09441227729602056,-0.005151633759074015,0.1367061126295186,-0.01226842921754584,0.008833854294012022,-0.0014747934788197359,0.052608056876804477,0.0001256416973695329,0.01542849125085699,0.0007174634539418578,0.053135607930879014,0.17827808469395162,0.20266257819182076,0.005939283375844504,0.009818040156577505,0.04987326862667526,0.2151275704286667
0.01064369783344267,0.10495963568823632,-0.0019270920116034387,0.0964767685375008,-0.007853301129137069,0.1414462076124554,-0.012519991332625635,0.008894825379288308,0.01568979970635509,0.059886064968219466,0.00029241806396615444,0.01531393478607479,0.0005495540136148114,0.05483844255506867,0.1807588625523066,0.2061620016519938,0.005945940645776463,0.009881171823229278,0.039886074069327725,0.21968326063954105
0.010763038427822735,0.10692900952687415,-0.0017947737429596534,0.09864113957777385,-0.011414964047385512,0.15075892686904635,-0.01233625674564598,0.01007078917125297,-0.004421930444558297,0.04295746556426272,0.0003415235121030369,0.016329377195611894,0.00015210906537752034,0.053742296674996526,0.183222887094562,0.2091941328836935,0.005952206799141482,0.009949869832670656,0.04042669356503701,0.2241757851164335
0.011297549013305593,0.11054256095404051,-0.0012889681348284658,0.1023387803652324,-0.011888841495448998,0.15592745422776488,-0.013304162965835208,0.010374226716909052,-0.0016207249530408863,0.0508426832428579,0.0004662801966148489,0.01659175258743162,-0.00047626858056262766,0.05857927714291042,0.18566892172184624,0.21771452195139757,0.0059559456711442225,0.010007705715330936,0.058098709116472025,0.22860417724617532
0.011391901852399655,0.11262015691301183,-0.0012844325440874889,0.10442257937919003,-0.011429886470570638,0.15837425799898575,-0.012503216171923992,0.011468688243950287,0.015810335737604708,0.057713239765595725,0.00037391104132947217,0.017028714005116186,-0.00034808693641000255,0.06428587850146456,0.1880958169276184,0.2254388881590294,0.005960475171667436,0.010079657532525878,0.06661239416910032,0.23296764377571613
0.010994248570331844,0.11584235077761693,-0.0017210595387719303,0.10762439578976662,-0.009267998846875791,0.16339015995229111,-0.013350282808483794,0.011664751376491233,0.00016446230925171168,0.048819499938633215,0.0004672350839657613,0.017526333745816358,-0.00040702363403705144,0.0658643453070849,0.19050250872764993,0.2346265039472867,0.00596816439341067,0.010174789572900408,0.08079863802373553,0.2372655533873208
0.011194323098137426,0.11843275731253884,-0.001450006295240138,0.11010362783271113,-0.00647595860700223,0.16816966600414052,-0.013200387897887078,0.011635516829334247,-0.0005592497642552541,0.06785562831894687,0.000388722732481972,0.017969774631689694,-0.00046407272682966183,0.06749813419978196,0.19288801666805985,0.23717583822338068,0.005974175174820822,0.010250008393811459,0.0861540670480914,0.2414974256680008
0.011573598068214315,0.12059893788541061,-0.0012163107402766021,0.11234582490208053,-0.00378353196749881,0.17233798304377856,-0.013032140610039766,0.012106038330374148,0.007672600163137311,0.04430449274206938,0.0004468884241903559,0.01887707400007177,0.0004673725385410388,0.07088652380122928,0.1952514415103634,0.24407665014898147,0.005979943579453283,0.010306717431921951,0.07606992897918775,0.24566292049409122
0.011772796817952961,0.12419040748701807,-0.0010259697264820532,0.11596636165626661,-0.00373629578996737,0.17738352020982018,-0.01302627803183285,0.013575015441243121,0.0012887721222467619,0.05009100184568638,0.0003857765216958853,0.019617064818748253,0.0007859053411148342,0.0737518242884708,0.19759196267393064,0.24895106002399295,0.005985374652430259,0.01037575213793427,0.07827811320466087,0.24976182784611972
0.011747089244319603,0.12722251419876218,-0.0010726673902391546,0.11897973814287967,-0.00536040071633237,0.18184099146684507,-0.012143798809144946,0.014789327216367932,-0.0023134419121277894,0.06339295723290517,0.00022738894213855665,0.02107523203797146,0.0005119854809982338,0.07378417600076995,0.19990883549950042,0.25321973246945506,0.005987832871957456,0.010431685698327182,0.0886298789666661,0.2537940580640142
0.011731455123863668,0.12973795253584747,-0.001100987300986402,0.1215172164364345,-0.00571002777058105,0.1904586871345928,-0.011352200470242024,0.015796547907759705,-0.0016329857485732902,0.055381396180545495,0.00029078610097474367,0.020683359721523686,0.0003056036350677638,0.077593624580196,0.20220138838395416,0.256518721560102,0.005993052117655568,0.010512227109894705,0.08716103031626382,0.25775963254819567
0.011769033886726456,0.13162537148548586,-0.0009930796339694611,0.1233586982679129,-0.0020121768033021237,0.20023022881632158,-0.01283127948952414,0.015307751563891381,0.0005733467152712057,0.06505502063957702,0.0002702099972143601,0.021383467540904588,0.00034176134769164923,0.08036621995712595,0.20446901982668383,0.2598634442432613,0.005996794706715205,0.010568462311406403,0.09291921813224728,0.261658674908197
0.011443961899911299,0.13369610887639505,-0.0012933428606930666,0.12557838998602264,-0.0018446310048578773,0.2047203359563623,-0.01355032542968897,0.01503433119942974,0.007917673547594317,0.07075604823619486,0.00024242893562648193,0.022082984629813618,0.0012289970411572815,0.0824215559928538,0.20671119542104702,0.2626844366092924,0.005999798889290407,0.010644356180291827,0.08929948653291282,0.26549140255705406
0.01171816028646671,0.1371495837237773,-0.0011172176981500016,0.12903075049318954,0.0023427248987295535,0.20890962761171794,-0.01325187943339986,0.015653018411115695,-0.004783303505095926,0.08522192884514845,0.0003046402800424286,0.022919805539131533,0.0003816256912953231,0.08217366880592,0.20892744481966705,0.2703660562169745,0.006005414266329366,0.010687110006674203,0.0897607481345018,0.2692581187468182
0.01146448318508789,0.1389128649779776,-0.0013939282809695194,0.13085425708974494,-0.00119222427409027,0.2139890765847099,-0.014226968741843982,0.014654593356034607,0.001907528287231841,0.0631315032734937,0.00018371255118895813,0.02386431754572582,0.0007786219532652239,0.08876441685468861,0.21111735869877976,0.2738913038885349,0.006009667547239601,0.010747913998383705,0.0865152778849015,0.2729592050380812
0.011178823187994647,0.1430985404995549,-0.0016041856796121957,0.13512507523538747,-0.004016574701512399,0.21707078322918716,-0.014916554856008823,0.013726026645160028,-0.004119608845604805,0.07472137989990946,0.0002805731994379168,0.024433878441677548,0.001007264088129206,0.09271584668833949,0.21328058574367179,0.28019445779445473,0.006015239627132246,0.01082928601790011,0.08730316805199478,0.2765951141943529
0.011093464181569198,0.1464346564546829,-0.0016652652293191739,0.13871026712930812,-0.007285352460324468,0.22223836449555723,-0.014882261364352478,0.013119065253852258,-0.0016636553510855911,0.09076910251081305,0.00020982138513045423,0.02527805682829176,0.0004899123343970746,0.09456729154437302,0.21541682967402845,0.2863831073669526,0.006018907355559367,0.010881366908629444,0.07076878221875207,0.2801663634904364
0.010927300058463527,0.14865177434051646,-0.001838162674554021,0.1409050896574238,-0.010138375461142601,0.2243364022619374,-0.01606160119874057,0.013082363675934428,-0.002818036855781969,0.06551224008274126,0.00014970514277623526,0.02633805851922011,0.0002629945686312696,0.09883260299307645,0.21752584632449667,0.2871706994841909,0.0060198771706745004,0.010960419148650896,0.07505605435986841,0.2836735284225853
0.011045635993743357,0.14996125506769187,-0.0017206763771531203,0.142276433570202,-0.013365497512099145,0.23142106774349158,-0.01569249940667141,0.014610703211362208,0.007167099820935774,0.06061271186064232,0.0002641560603719728,0.026836153499245397,0.001270710358369176,0.09949450781368516,0.21960744079200467,0.29625474437010424,0.006020505267231491,0.011032682420695484,0.08532718757990541,0.28711723680714357
0.010886831552973595,0.1521287242344679,-0.0018737721763759391,0.1445201431260125,-0.014761889682320062,0.23234587561771058,-0.015447202542058369,0.01687117319490683,-0.00635303872882842,0.06166115760201707,0.00022065209427049592,0.027557841053447163,0.0008668056510454658,0.10453035579108405,0.22166146465754843,0.3019407112646317,0.0060211788842091125,0.011089195495371986,0.09409867604657587,0.29049816325356076
0.010928024428296823,0.15431120413352417,-0.001880679837107116,0.14679952293474555,-0.014614131819277842,0.2379164267008862,-0.016245012490344223,0.01811462075376553,-0.005825608274239391,0.07706962751044466,0.00023065313440773227,0.02828367103137519,0.001394795813145111,0.10624454629744498,0.22368781328651574,0.3044316062666859,0.006023187970482551,0.011155297503065325,0.11053027821709582,0.2938170239970669
0.010918510151806284,0.1582989218465472,-0.002046783140853539,0.15073156949417718,-0.012950488725720133,0.24076693486494838,-0.016052298890243878,0.01865956897788682,-0.005315042490328548,0.07573335011220694,6.899342107383188e-05,0.029203975655512693,0.0014813589254433768,0.10642043413284866,0.22568642320844287,0.31030609684941696,0.0060238277074853,0.011222640693287541,0.10768290327030935,0.29707457207590704
0.011365783706071844,0.16079317939988086,-0.0016127726569435206,0.15322599202030465,-0.011850972405699434,0.2436383202808301,-0.016713588535216352,0.01975801278934507,-0.0011189194002565461,0.07797537415954836,0.00019108344255916454,0.029697192468452815,0.00044940881056862447,0.11048011258763268,0.22765726957460802,0.3153538480919056,0.006024424924285494,0.011284712867307353,0.11001724240134991,0.3002715928378033
0.011470341446621474,0.16268536238013204,-0.0014450984252573351,0.1551779786244044,-0.010692270180008734,0.24981645434836341,-0.015694364728773547,0.02143396653852677,-0.010977821852671932,0.08998500941673504,0.00012719583697870518,0.03064314084095887,-8.620131078818094e-05,0.11385629582763421,0.22960036369020162,0.3198847790557288,0.006024384414812502,0.01137550160839107,0.11011738021957418,0.3034088997602368
0.011408149734249626,0.16600881085126779,-0.0014400663768299078,0.158371651031239,-0.007253429086549357,0.25324040575299556,-0.015646823305109026,0.02148475479473576,-0.003692752791123688,0.10142250483457838,0.00012373469695875494,0.031501695711924294,0.00012939131919925684,0.11702878596187469,0.23151575061702523,0.32451717218040294,0.00602723235348777,0.011444227960583605,0.10322686011578337,0.30648733056918565
0.0117225580984526,0.16810587180664432,-0.0010918217441921417,0.16043568427995192,-0.005982936644226777,0.25527308375626556,-0.016131991290988558,0.02208510990408392,0.003109161521454795,0.07321140861400666,6.864155712876796e-05,0.03222677569154975,-0.0004221990690136401,0.12105377523849595,0.23340350684271197,0.32740421795121927,0.00603140466659418,0.01151495402381784,0.09069369177811262,0.309507743641119
0.011493806455106857,0.17122691015047137,-0.0012857031604154249,0.16357043493033366,-0.003173951341204573,0.2580089813159032,-0.01731496094731626,0.021018901283845492,0.0029969963539336897,0.08433797063549575,8.024565484357482e-05,0.03292483270818325,-0.00038302785729715794,0.12281858147225344,0.2352637380132002,0.3324715406364463,0.006034350947285861,0.011591633991053603,0.08491101027402928,0.31247101467327887
0.011454225803345926,0.17457355559446638,-0.0012811883233698317,0.16700498977412687,-0.002736076569134438,0.26158332866088574,-0.017174396002143322,0.020965031689255443,-0.005522581759460632,0.09469864677556417,8.933454420875786e-05,0.03346153228515125,-0.0003476145532135544,0.12865241645838787,0.2370965767264531,0.3388355287015416,0.006036099610669777,0.011661866420157149,0.09849398024557189,0.31537803360761096
0.011336510707795393,0.17699015105337007,-0.0014484337573260116,0.1695156074358409,-0.0034334112728793276,0.26940494593363884,-0.016099944228300845,0.022439219168385864,-0.0035798374989037818,0.07570540153414118,9.18838397695465e-05,0.03457344370011062,-0.00014367883668006676,0.13015605883032103,0.23890218038697353,0.33936317088693363,0.006036578753867156,0.011734368313575837,0.10187995666297431,0.3182297017940756
0.011402105363313398,0.18045058924008273,-0.001395083521035968,0.173058215049168,-0.0021549983754214352,0.27267579184043456,-0.015491561004058163,0.023176110379001302,0.001187676438652252,0.06927963700274109,1.7727094195507664e-05,0.035998704238405344,-0.0009235436839467592,0.13304580984205497,0.24068072912230928,0.3447001053459016,0.006035312920248062,0.011795380300292048,0.10959702090257932,0.32102692937949695
0.011309963266075234,0.18229197877076236,-0.0014433413663005774,0.1746619513004251,-0.00040944944955279006,0.2802828287667488,-0.014441504108837589,0.024197199604895876,-0.0043628241933570955,0.10228235980625511,4.901202345916622e-05,0.03696427100748978,-0.0007887459834328425,0.1371358624208517,0.24243242376427057,0.3488059043621135,0.0060331589889424135,0.01186657064767295,0.1006248406366985,0.32377063290857516
0.01117367393642213,0.1844462075086753,-0.0015690037766333091,0.1768044491208869,0.0007431742225603166,0.28454622768251436,-0.014884791002241082,0.023866311741937263,-0.0035735569720545257,0.08946188959259282,6.953125170267027e-06,0.03741828929850821,-0.0013653042085737255,0.14006799891831512,0.2441574838988371,0.3530747319964849,0.006030684160265909,0.01192697343283758,0.10673018545712426,0.3264617331241707
0.010938243600229242,0.185433604804648,-0.001819222465700942,0.17775207408238852,0.0014447755560851316,0.2896224646373561,-0.015601798221007379,0.023878912527379496,0.005513846075221762,0.10369357633174037,-8.218009058993947e-05,0.03836259504783612,-0.002019738228422552,0.14216956601808653,0.2458561459896068,0.3570062655687001,0.006029787832512385,0.011987417997246572,0.10686558974505617,0.32910115295448666
0.011190517364906444,0.1869498188481492,-0.0016425348660885908,0.1792168548565108,-0.0014205758147098901,0.2960140218658628,-0.016776339821738318,0.023544043862551607,-0.01941247302827631,0.13611858532598675,9.223757472917593e-05,0.038915833699743274,-0.0025647082217576667,0.1447190289034526,0.24752866158007314,0.36261516629956664,0.006030722675137787,0.012063265727085788,0.10576767928471918,0.3316898156752907
0.01123095390605039,0.18875747284187,-0.0016296315020208202,0.18092827157994798,-0.003314621623271563,0.30591007220912414,-0.01799752466179245,0.023736160084484703,0.000424120946299289,0.0998768202137077,-2.9811996196893453e-05,0.039977230085913806,-0.001393155158845416,0.1518738763256988,0.2491752955800123,0.37006829060966034,0.006031607250290395,0.012116445235007333,0.10633225232756972,0.33422864323585355
0.010988493951672671,0.19076793726794875,-0.001916229627040928,0.183046025993974,-0.003995230388339266,0.3111910123245196,-0.01757231664419586,0.024407610589213036,-0.0046119211542898775,0.13802178520219588,3.2168819325051334e-05,0.040609772879548034,-0.0012089079340576736,0.1533871950905594,0.25079632464085105,0.3775614253177486,0.006032394938776335,0.012175945130907018,0.11218883624721586,0.33671855473781037
0.011047689620809535,0.1934877356666974,-0.0018383154095919611,0.18574645689674876,-0.004625271299470768,0.3160227233244596,-0.017417037638337997,0.024575319318536144,-0.00046791716734717603,0.14205346450350675,4.5676036959596544e-05,0.041874349632301966,-0.00011291902037888213,0.1596565715384834,0.2523920356241339,0.38166728542750816,0.006031871032719742,0.012249257561088203,0.11886699327187539,0.3391604650566746
0.011205475721482904,0.19618209239360807,-0.0016731022788545324,0.188465112099282,-0.002527095394640577,0.31874254188669593,-0.01830995941301645,0.023472832041644194,-0.004099100098156727,0.09947126800212547,3.7285257879077216e-05,0.04315848844739367,0.0006511279427427186,0.16046710380366852,0.25396272416620835,0.38657233727720614,0.006031649871279057,0.012308341580577335,0.1028052771832665,0.34155528359626575
0.011216130066583674,0.19787658916357515,-0.0017094177812525743,0.1901038618294767,-0.0022344883332845455,0.3258876959417073,-0.018465240009158,0.02409822556616286,-0.0029956307560650153,0.10065274812080938,0.0001142286949574467,0.04346627198305386,0.00016663014017007094,0.16598579709232555,0.2555086933410833,0.39242483291598296,0.0060327627650185135,0.012367909962316084,0.10973747600685896,0.3439039131668139
0.011393277679489264,0.19953187878747808,-0.0015107501637961346,0.19196380888288847,-0.003040037870046808,0.3302855642909679,-0.017718166449049888,0.0254124892891343,-0.001237623938087573,0.13034466309541892,8.869755740698038e-05,0.043225298340554774,-0.0005410017398581879,0.16919168479438143,0.2570302524221837,0.39469241413102363,0.006033734329770416,0.012442721011926679,0.11718529426947709,0.346207248978011
0.01165119809445363,0.20044516883407518,-0.0013303076472762944,0.19291119110922705,-0.002154206704365169,0.33497633822830286,-0.016992454904418718,0.02633860315658637,-0.005273607951718606,0.1514973468381673,5.734453978442633e-05,0.04570667264060635,-0.00013833425292070212,0.17017049505536685,0.25852771574249905,0.40018263529663883,0.006035371077387767,0.01251279170652534,0.12398666979133693,0.34846617773876454
0.011557395811055488,0.20293454723395785,-0.0013254195723929,0.19542355778206097,8.084879879510787e-05,0.339726464240113,-0.0174967294624766,0.026683714838425132,0.010633274642957602,0.13569326979115526,0.0001604139676681937,0.04621046755929781,-0.0002563806982694983,0.17549680310607788,0.26000140165147334,0.40712378894927753,0.006036294101910432,0.012601739918487904,0.1313444202004701,0.3506815768558771
0.011377904261160952,0.20460379195182768,-0.0015060225446570739,0.19713398615652603,-0.0021649004067076927,0.3462908884989032,-0.016902470740786858,0.028104121587067894,0.0019539150421886697,0.12296090610683452,0.00012121326444383684,0.04758462822224008,-0.0005725924056517173,0.18269284706826117,0.2614516315659486,0.4103427568550879,0.006036709546822131,0.012666152282575754,0.1296732121640451,0.3528543137243385
0.01150026027071862,0.20585132360479497,-0.001348790959415369,0.19840756294653175,-0.003207893399112427,0.3538496884863612,-0.017642978483800975,0.028662659357619552,-0.005195487902497353,0.15051644167486145,8.411451003820236e-05,0.04760132449436427,-4.589498885443355e-05,0.18407424017785554,0.2628787291115976,0.4125375656245743,0.0060378146829014575,0.01273053400319872,0.11683758346391661,0.35498524510234053
0.011620434432054754,0.2085919509289133,-0.0012271617713109396,0.20119052016084202,-0.005135369623413766,0.3566887233501127,-0.0176279031326666,0.028797582629404867,-0.0006450802018402868,0.1352915859559385,0.00015337545739269043,0.04893711120793154,0.000584864066706603,0.1854881283972363,0.26428301935056203,0.4121642443477841,0.00603918463276049,0.012784256897802599,0.12053747454285772,0.35707521656456115
0.01169947837988821,0.20938444194486638,-0.0009760346758522272,0.20189907619621275,-0.005264660755418538,0.36094800646110026,-0.01923354247027117,0.02864463821834425,-0.003760212381253236,0.13115734970210902,5.5888231467543514e-05,0.04988379088357919,0.0015379846240003436,0.1931626584069235,0.26566482809046943,0.41451248001098706,0.00604024850359557,0.012848892828720787,0.12789704206860003,0.35912506202765326
0.011541719252662654,0.21014023809488097,-0.0010948468371937987,0.20266613329334254,-0.004664411854399475,0.36620768897933487,-0.02043264547408763,0.02849575103273918,0.009919286618803924,0.15825140958265194,0.00019344931997242187,0.050650453161230846,0.0021349975025504175,0.19713866264746405,0.2670244812696196,0.4173838577603738,0.00604054068491406,0.012918448520436394,0.12693805081636858,0.361135603342261
0.011617106059049104,0.21322388442060314,-0.0010247115806304337,0.20572892513406638,-0.004470165437717721,0.37226180210278625,-0.021331411701592473,0.02775693249461946,0.01650006776224955,0.17044850173037918,0.00026458637171847266,0.05178487711916402,0.0024323226808212195,0.19600896115809552,0.268362304412896,0.41760642004237386,0.0060410774028745624,0.012979389537123012,0.12006273990360661,0.36310764994625494
0.013257167331420955,0.007749647050007592,0.0003956670634220026,-0.001152255709611331,0.006777217691213755,0.0028278771539846925,-0.0008706705690877837,0.002495438313350096,-0.0069202260439844565,-0.0076371944981674655,-0.00015671657141461126,0.00036692744699262647,-0.00025033700928075997,-0.001239836720577897,0.06643341354411536,0.04477762920711542,0.005636760708195226,0.007924277113180412,0.0020170844134170104,0.0020460981410290653
0.013249011725149546,0.007590936458231015,0.0003961887513502394,-0.0013709341226438299,0.006696740554451575,0.004658348826960035,0.0009715574862957599,0.0029144203042429707,-0.004388378671909221,-0.0031351104073569225,-0.00014555482895053928,0.0003299344783765923,-0.0014452134861346888,0.0008030651735286554,0.06654493342135091,0.04119768079035488,0.005635780671613725,0.007934974580400551,0.0,0.002072485782488481
0.012935082738424277,0.007497852432000927,3.6955337817551684e-05,-0.001662324916216186,0.006473710461455173,0.00024619592910313237,0.0006898931290140297,0.0008929634418518128,-0.00030528462673773404,0.0128686977738115,-0.00012431445080030024,0.0002869491836355875,-0.0015005076645164261,-0.00019285256026202457,0.06677308900543945,0.04034545880987467,0.005636018470503185,0.007939604383051357,0.0,0.002382328563723077
0.012840621073006311,0.00755344189482284,-3.0461081934225753e-05,-0.001686025052317533,0.0036420812227451194,-0.001331349224779066,0.000556896038518373,0.000866712143437931,0.004050235459119755,0.004726373421737762,-0.00012120114696997919,0.00028805028571599056,-0.0023480822578086924,-0.0019993083431335545,0.06711749286533669,0.0418807161001447,0.005636197961187134,0.007951002595648876,0.0023572588453923213,0.0029750970913113915
0.013070351633013257,0.007917778918397383,0.00017690555682920578,-0.0010805555352480494,9.303258841830697e-05,0.0045550677118995075,3.1739073676018136e-05,0.0008663405505490273,-0.0031062572692821533,0.0008789858815319018,-8.092032074527578e-05,0.0002691492462265632,-0.0030365998368690472,0.0006990907703549598,0.06757746719353996,0.048546880008451344,0.005637329477646581,0.00793974670243698,0.004203273548924968,0.0038492439990640654
0.013115358420308112,0.008677819071462468,0.0002825462868482568,-0.0003280447068468653,-0.0036774820314418033,0.00500088374651364,0.0010133930822023962,0.002419745653612937,0.0034039634157718712,-0.003080341503774342,-9.720527332843232e-05,0.0003097148263589977,-0.0028819166019983244,0.0005126442940999731,0.06815204238584355,0.04669403750499358,0.005633774409347114,0.007942095870106464,0.011212251463393708,0.005002216285804916
0.012392504434533179,0.008642465759839037,-0.00039927749099911633,-0.00037470977971836017,0.0007513952882536312,0.0017065557225881545,0.0009614846903089003,0.0012504318313255936,-0.004747671051476887,-0.006118587029878775,-7.192094806515725e-05,0.0003565960898643805,-0.0022742664142325064,-0.0003586260156720755,0.06883995860110707,0.04976235377542769,0.005633398032750059,0.00795507117316747,0.004899996789899911,0.006430476764867692
0.012329770932244648,0.008993749562709914,-0.00036517625839983976,-6.508059061041856e-05,0.0004457226815550719,0.00234255788222848,0.001265552067929232,0.0019425354800179262,0.009047748444137027,0.0025652603542651864,-3.922124374150515e-05,0.00035763413650136133,-0.0002672242123445967,-0.0011938682797328348,0.06963966932742283,0.053210913241617586,0.005633135242950875,0.007965650718706594,0.029778746984962638,0.008129534271575705
0.012259909963730341,0.009704724841150775,-0.00037716147731547793,0.0006560893744231109,0.0032370358551110368,0.002645188076893401,0.0007167814680834273,0.0015127916619500858,-0.0006334612573855036,-0.0004196903724804635,-9.871400522276641e-06,0.00040237176814017506,0.0005131333874109634,0.0021693070707191897,0.07054934623560942,0.0511101503697326,0.0056319041784349474,0.007971350784019957,0.017664559893460705,0.010093982128605043
0.012450815109964595,0.009852869324839121,-0.00019149499687074953,0.000881720652459967,0.0008116868026510904,0.001550670607756821,0.0008024188266171461,0.0027800799783894046,0.004180198276609759,-0.009293277876893047,5.514584901614161e-05,0.00046835386130916756,-0.00041318572450765867,0.005418718416061785,0.07156688516769846,0.05283332945370945,0.005635784380143011,0.00799079643182148,0.0,0.012317544236347108
0.012411153408163612,0.01116375086093099,-0.00019415665554639583,0.002201644764759026,0.0013807999586308295,0.00549784761248806,4.022495395842318e-05,0.0034051684358246794,0.007112197611573334,0.007165930798018527,9.20274734031723e-05,0.0005447900375561421,0.00026653889747840775,0.004773119770705714,0.07268991372334975,0.05172206056157455,0.005638625306579292,0.008014221598750676,0.0,0.014793128039574367
0.012355018793338854,0.011521852976842224,-0.00016895072742837206,0.002462655402494634,-0.001708078547950409,0.006869840999415677,0.0009137772787295107,0.003714464504634807,-0.001150064668058448,0.012508487206013719,-0.00015864949462401912,0.00046195070798615845,0.000413397355468359,0.0021466778655891694,0.07391580132462708,0.05008109846394093,0.005639018327309041,0.00804064107222317,0.0,0.017512883525604154
0.012335225736409543,0.012659622107343366,-0.00014612839752002095,0.0038485802979145757,-0.0038142139343368964,0.01573396226584589,0.0008607496823799243,0.003785459994713425,-0.002875851637860638,-0.00534356017042259,-6.898282922185306e-05,0.0004541843802133849,-0.0006254243781868285,0.0027096601058409497,0.07524167274031618,0.051167079349902354,0.005638637143963415,0.008044964675064548,0.0,0.020468267334705463
0.011857461724907054,0.014554778625758488,-0.0005851686988780393,0.005559783500980131,-0.0032489250715401763,0.01647736040744352,0.0004355068262951511,0.002296325274563293,-0.0013715867088868183,0.0019011282832481768,-3.516804060529899e-05,0.0006693626534671759,-0.00027755118933472933,0.004997502900518563,0.0766644258427399,0.050385518081095336,0.005640050976235691,0.008040806256084906,0.0,0.023650111011861732
0.011849677015229664,0.015718059363340822,-0.0005451508411505965,0.006744650633887499,-0.007812399217953958,0.016474062403259104,0.001492924569938714,0.0036516109826064125,-0.0065353789533990625,0.0060996543105673595,-7.719630311409098e-05,0.0007015107286135747,-0.0007463522424553948,0.006273672132329738,0.07818075391277073,0.0495148464912879,0.005647132204072877,0.008044037813906217,0.0,0.027048692400522035
0.012220498983564847,0.01769160691010127,-8.349953941031926e-05,0.008725056906837683,-0.009529023463579422,0.011671882184338678,0.0010908808523268586,0.0033980537561502213,0.027747299568497974,0.010957168552938157,-9.650836855512601e-05,0.0007918037157479407,-0.0012500732663343062,0.0030646956412382076,0.07978717216006122,0.05526068496715614,0.0056562568279476125,0.008063927939553529,0.008449512436986146,0.030653809173200153
0.012560446994984334,0.019654336125595657,0.00010505455105841444,0.010410192847479356,-0.008745594938995183,0.014919840552561014,0.0009538085245105021,0.0032393149614724616,-0.0005505148208531097,-0.002984338863074809,-0.00010783134292227659,0.0008290455359429849,-0.0012071381324274544,0.007046961430066362,0.0814800473586606,0.06148448123370568,0.005662005280161128,0.008100737723880626,0.011355570654567958,0.03445485350955153
0.012899455206739095,0.0212750844016925,0.0004987281959745148,0.01170115855083421,-0.002024858154723086,0.01011266004208533,0.0009994626447707988,0.002807375781283472,0.005747137926556123,0.0042980750852101846,-0.00013384405860605852,0.0009309996817431498,-0.00036068284991749855,0.006242670981018744,0.08325562876012406,0.06288942617229326,0.00566708864390682,0.008162642637629537,0.018821713651976883,0.038440886968091156
0.01318021563849832,0.02261235705556343,0.0007647243359132465,0.013201541523369203,0.001206513503982265,0.01923690867242911,0.0014725778162976376,0.003866388555258049,0.009737231443958327,-0.0030217386938522495,-0.00015389580473834652,0.0012120111776792175,-0.00013098266493799526,0.008331123669591933,0.0851100779739284,0.06945121758526152,0.00567020133162817,0.008194732869026493,0.011058333551761425,0.042600714650719046
0.013037721055617835,0.02420377804403906,0.0005874214961772619,0.014803685168114996,0.0027826110307036522,0.025764054016357285,0.0006022261789877415,0.003967146572681801,0.003927020248582602,0.0061767297241068775,-7.198651683179569e-05,0.0013685442690463123,-0.0007172890291974321,0.008390294371157014,0.0870394955429035,0.06850846083716305,0.005672971829494818,0.008211864996904872,0.01540126544524359,0.04692295782703901
0.012977646696508999,0.025843443139268205,0.00048325456705165283,0.016569890059589445,0.005562607085583426,0.02743255934390798,0.0005916894095765568,0.004630489290500217,-0.003002908042461172,-0.00037359311030593645,-0.0001215408051991329,0.0014820306341443157,-0.0019313414038121257,0.010511859630706416,0.0890399425890882,0.06845291961510724,0.005676946141160549,0.008263020287928014,0.0,0.051396124265180775
0.013056969495298398,0.02862222578358975,0.0004453274805573948,0.019277597985515104,0.0035010458902626773,0.035224544178610984,0.0004849416577445864,0.004483473867612342,0.00036976954459522204,0.001610434461455812,-0.00015021040852350453,0.001745791868416613,-0.0010691656981955122,0.010023430064112382,0.09110745700850072,0.07278076123557285,0.005685608837456251,0.008290822939715017,0.002313883865104328,0.05600867560446472
0.013197575116660499,0.030695563876873742,0.0006856948220246087,0.021479414017919342,0.0020087073096497488,0.04060484806830256,0.00034614351199884207,0.004201101868748702,0.007994257610825728,0.006541110669488148,-0.00010859594728473976,0.0019991870136161216,0.00028611651060200805,0.0107770946996385,0.09323806488446301,0.07785846338850691,0.005694048739559623,0.008298413840540239,0.010707086831488546,0.06074909119977324
0.013334291087479255,0.03189755889940474,0.0007693875121090113,0.0227827659667734,0.0023011156052081816,0.040027784254085486,-0.00043707073433488783,0.003476668050541942,0.001982055653997228,0.008336427791951317,-9.618522719143097e-05,0.0021904078930978788,0.000794739359920027,0.013296654324464002,0.09542778867240499,0.07924638703564019,0.005705817606462354,0.008350578043784179,0.0,0.06560592796505324
0.013616224386736844,0.03355108172739994,0.0010312363436959932,0.0244023552440346,-0.0009628503721179626,0.0419763964447768,-0.0010972909448501045,0.0034118738749791323,0.0012815542280245618,0.006484703877332576,-0.00011162321029428712,0.002439980994365154,0.0015111633533412272,0.010224700673716475,0.09767265405686541,0.08006636703687908,0.005711094761663158,0.00838291398329263,0.0,0.07056787584129591
0.01281710602742209,0.03611080367828843,0.00019365077434167245,0.027113506524596993,0.0010250756342182754,0.04017720409460357,-0.0007108741164585375,0.004005880837128972,0.00404646673257536,0.011278384283674114,-9.385669984141032e-05,0.0025827501655605323,0.0015975685799999584,0.011254690573541226,0.09996869720798836,0.07834476425269651,0.005723697879353542,0.008418546204188493,0.0,0.07562380861024696
0.01261192719926264,0.03784946648114566,7.286670703956707e-05,0.028791590905222375,0.00021224393097618588,0.04134657852898749,0.0013113141203270006,0.005873553516544094,-0.0019055274510213493,0.013358814166548938,-0.00014335304170992602,0.0028111330878481944,0.0007435338898366117,0.013438330413809818,0.10231197365398334,0.08351648976165676,0.005731675927727205,0.00844944412080836,0.0,0.08076282986694434
0.013286860763087273,0.04059045796302539,0.0006399636728216598,0.03152663089621548,-0.0012628232726086264,0.041824884169202825,-0.00010110868980058862,0.006814921468435886,0.015606365211837003,0.01766358629274445,-9.396820000248662e-05,0.0030335167889117276,0.0003631284637550525,0.013207302793891706,0.10469856935843444,0.08983756331396381,0.005740137705127824,0.008491890214940068,0.022595540033841188,0.08597431405026587
0.013429619896730012,0.042565325540696655,0.0006818270341861568,0.033421471156076715,-0.00799669031124628,0.051149886810200274,-0.0019115019869646367,0.00538181545754699,0.006997391819109744,0.016745132080989045,-2.8688057767289887e-05,0.0033486662468150685,0.00032260531367897527,0.013906929943486385,0.10712461400848332,0.09384145148953818,0.005749136498628574,0.008544937258808808,0.015842581587785388,0.09124794250968005
0.01343227126665266,0.04428622782625097,0.0007233553991799237,0.03529187534266294,-0.009488775175289232,0.05223080139202296,-0.0012496447689647084,0.005774217744264754,0.0034496495296296725,0.02267947872194731,0.00012695281156549498,0.003671815296404035,0.00038312268239118485,0.01645017589523387,0.10958629605957539,0.10064320177086011,0.005758303168457515,0.008604437267657337,0.02511310929244389,0.09657373465736832
0.01412185778698944,0.0468277604690069,0.0016055564110193654,0.03816786393583042,-0.008456408823711348,0.05488922941281249,-0.0021407856176069552,0.004902042424307118,0.013168577010082005,0.024903439454951437,0.000184470377300322,0.003915395150711154,-0.0006626704570017183,0.016130881687403398,0.11207987876312134,0.10249218586512442,0.0057654480749906225,0.008640313672181316,0.02590900064008769,0.10194207431721866
0.014036355150303633,0.048577191108533146,0.001494269049554917,0.03983059666614832,-0.009377402422145131,0.06225272597365383,-0.004717894977534398,0.004241772791739984,-0.00040331087830791645,0.023967834334576166,0.00011022443495303791,0.004122137080966648,-0.0012235852387062485,0.01563402936941427,0.11460171621950219,0.11022877876820646,0.005773768698553492,0.008684138265288507,0.02894516506977003,0.10734373143557213
0.013464584015395045,0.05105808758052472,0.0011152999688030657,0.04237124071533589,-0.0052053032611523165,0.0681295106493911,-0.007231571303832252,0.0024464942311597793,-0.005099221528320097,0.02621466732181099,0.00010877080342686085,0.00427103967006881,-0.001189837090670276,0.019116718645448505,0.11714826844327578,0.1135951825050986,0.005780287850694181,0.00873167099613662,0.03193573324999355,0.11276987936302836
0.013089698417379763,0.0533038948641803,0.0007284949541771172,0.044570600787809736,-0.003183049231296753,0.07122391789019877,-0.005178988776987681,0.006624835976789134,-0.002449744766805706,0.01936289657920709,5.836764195762956e-05,0.004588117463667718,-0.0016479796548134196,0.022568736582763843,0.11971611449664513,0.11610215061309681,0.005786093321384964,0.008749254950924403,0.02100059995250704,0.11821210795228543
0.013147749987626021,0.0567598774983484,0.0007201218169134993,0.048100720140010836,-0.0017649882063213163,0.0739737397855107,-0.006731588737640659,0.00584585168646109,0.006604000522095865,0.02933431309201795,-3.980875409315132e-07,0.004855157409479949,-0.0009590659193718098,0.022274320031689665,0.12230196293421029,0.11956196019848515,0.00579137770122632,0.008786215457588925,0.038211344094186854,0.12366243274432118
0.012853027327635299,0.05808974328180297,0.0004948616011693895,0.049668460016197576,-0.0006738585847370082,0.07345718338360752,-0.007957434697219745,0.005412105835041536,0.0006821254614791661,0.012090338837499326,0.0001308136328483922,0.005051227646844181,-0.000733280509413986,0.026339121164370982,0.12490265908638172,0.12392702065108428,0.005796166160035505,0.0088355065709342,0.02538712187419033,0.1291133005347789
0.01293331633089951,0.06066978457897284,0.00035425728875866126,0.05236494252271722,0.003977693598321119,0.07385117661945317,-0.006006882652522927,0.006842592490007593,0.0022702667272197496,0.028864672103001254,-1.2632175436233517e-05,0.00540106306674748,-0.00012814666284535758,0.026963272034768337,0.12751518905154133,0.1265436746091356,0.005805317899765294,0.008889889156152988,0.022811010112495388,0.13455759162485917
0.013141290555733615,0.06248068001265557,0.0003670331697107447,0.053919237685061204,0.007565154154170584,0.0750771031024342,-0.004932792005691788,0.007594305562142867,0.005078454741981431,0.03179961317018554,1.235795814572005e-05,0.005721485036629614,9.406132032363512e-05,0.029845624684137012,0.13013668061382536,0.13319890821358707,0.005818437641335654,0.00895361153032569,0.023990202158560466,0.13998861906709226
0.012661467907333107,0.06608552020524402,8.666686498043363e-06,0.057524864446441504,0.0089968172069117,0.08018795711028903,-0.003916112037614094,0.008323477451316064,0.003946650645210603,0.030248798637048102,-4.045799580021381e-05,0.006099280916200378,0.0003477710794635991,0.030492297628040205,0.1327644015963363,0.13553056614907108,0.00583014892807371,0.009004682546320522,0.03104379892614174,0.14540012521684753
0.012420219619286473,0.06906944207078915,-0.0002553460513339146,0.06047811254707079,0.006517728116671284,0.08337143749053033,-0.004750119460510227,0.00799381203780013,-0.009854692548102006,0.015485813911892854,3.6581470376495506e-06,0.006266670287786824,-0.00025572365823761656,0.030534991223243546,0.1353957563521489,0.14317645429989534,0.005836533730290692,0.009068123691278827,0.02419194185876804,0.15078627589611626
0.012555915189053607,0.07115523248270253,-5.9929194181854856e-05,0.06250368885114777,0.004571071314386943,0.08649748180402561,-0.0058439856919576426,0.007535697759066784,-0.003194920050920036,0.0073370314878227205,-8.952641136464323e-05,0.0067701376151728665,-0.00037695149184943655,0.032311813082187474,0.13802828116461163,0.14974352376825734,0.005842200076057705,0.00911813424014482,0.025962927635348403,0.15614165246775874
0.012481970132248697,0.07365690957808968,-0.00022319299947931234,0.06503709002405618,0.0025120935060292116,0.08894118568500842,-0.005868750036117665,0.00858748268072882,-0.003762137153067835,0.03217688889443193,2.3062825223352235e-05,0.006975650158245639,0.0004086523899726191,0.036710036241555916,0.1406596392788247,0.15495027167957937,0.0058496277762575925,0.009181985814496653,0.03467582740158734,0.1614612421067805
0.012728822522240262,0.07613289564025862,-3.065810178634262e-05,0.06749236878925974,-0.0011367604460179592,0.09106986393313399,-0.006773202061638062,0.009011795847237148,-0.0050201637711915215,0.03331989194300122,1.4608861039877574e-05,0.007609971875478072,0.00048185468027120426,0.03622994072264607,0.1432876161455522,0.1549335329958832,0.005851862530167525,0.009238809675618352,0.045684290381223173,0.16674042654098872
0.01277568368138946,0.07863744261754968,5.606713914496457e-05,0.06991565915037327,-0.0007571670858987911,0.09505197941976329,-0.007269551443799371,0.008690680684215035,-0.007439910356553225,0.03401735163151298,4.4183718960144613e-05,0.008053454417774275,0.0006576243441905605,0.04200734310081666,0.1459101152674265,0.1594545401857586,0.005850675614231746,0.009306929667853145,0.011655253680262522,0.17197496951722285
0.01256127784975409,0.08188669577220363,-0.00014466985857447025,0.07297426843283952,-0.004079207747591518,0.09862659011233088,-0.007267406135875287,0.00775778985176756,-0.004751447201500003,0.02660085536839074,5.990472640141076e-05,0.008579957613282674,0.0008694683021171767,0.042567650494710924,0.14852515483598472,0.16581002197387817,0.005853200053745898,0.009348116433373256,0.010945018210495067,0.17716100323182368
0.012391785172910466,0.08494318017768604,-0.00039024422988838577,0.07601307494115929,-0.003303666901661728,0.10255245403674174,-0.007199476060980048,0.007660082975572735,0.008066975627490036,0.036375799163715916,3.581314919223755e-05,0.008780407652339561,0.00016285111739436364,0.046363675446930624,0.15113086516937094,0.1696308938353044,0.005856245166067052,0.009390512138812061,0.013301911832631777,0.18229501394561637
0.012053558517847545,0.08674302554438228,-0.0007760954274394563,0.07772103496659354,-0.003314100523786445,0.10729907011911011,-0.008290185775542969,0.007113155988639319,0.006185547586381901,0.03171308882129864,1.8140018859413853e-05,0.009107085635171042,-0.0007330645962505544,0.04487171566040818,0.153725486824411,0.16960614400195248,0.005862762307961348,0.009428644375984738,0.015429083715935018,0.18737382698487595
0.011927643779058642,0.08957175374130608,-0.000871063198809835,0.08074794339965916,-0.00413018967728207,0.1121961879300779,-0.007567167208908687,0.008364653347542083,0.013270006614381158,0.033201873495784184,-1.7270146803527453e-05,0.010307690279209858,-0.0007914305775957309,0.048442817041788794,0.15630736917082041,0.17048547520441806,0.00586888679305412,0.009484815147735585,0.015437902427570914,0.19239459131089648
0.011534384867231282,0.09173807204251679,-0.001195788320409322,0.08305883402454435,-0.0020006380914665556,0.11928179471054512,-0.007886586011205066,0.008881068215260668,0.006481585920673938,0.03048237268639864,-3.1487456957524085e-05,0.010901932238287615,-0.00043351770660085553,0.0515516327777433,0.15887496917758182,0.17497076613370416,0.005877502951671256,0.009560039088578423,0.018832373838200432,0.19735476382220327
0.011567520354909013,0.09457209833275138,-0.0011852965651001166,0.0860381215548566,0.0007798006655532763,0.12267894721488037,-0.007491352233086823,0.00954248680469122,0.004568388021723435,0.05258095594474432,1.026064641704294e-05,0.011382881031274494,0.0004113698056165682,0.05037725406926866,0.16142685016418007,0.1821922532845184,0.005884997388926662,0.009621815438963642,0.026212801755404837,0.20225209353540388
0.01193028824494053,0.09727364582005903,-0.000858941985721064,0.08891991843243546,0.0017053345081230464,0.12750368747253038,-0.006335169995087142,0.01201916105358115,-0.002146112578499171,0.04022470762940533,3.218587140993434e-05,0.011862660889900067,0.0008809678000440135,0.05188999844619954,0.16396168030189762,0.18858345210917143,0.005893215268121489,0.00969179848156126,0.031929273170377484,0.20708460577334276
0.011894154929664747,0.0990873484169269,-0.0008729817221658012,0.09072379077932091,0.0018960546202773099,0.13674175153026158,-0.007119338985229174,0.011619308524630046,-0.014197167831402568,0.027475449005893493,-2.696677423158489e-05,0.012357748723446083,0.0002186272263963729,0.05365507078854803,0.16647823070183884,0.19151526065837035,0.005898520019439378,0.00976923050101459,0.04790912753669711,0.21185058647279195
0.012122015084862072,0.10217586599443908,-0.0005946519062720451,0.09376357924589243,0.0011762213308541547,0.1451374140217927,-0.007542164208711654,0.012157459764153744,0.00011375597993801279,0.035227475790812646,-3.820465621437452e-05,0.012861306616882562,0.0006870212903478667,0.056972225005257005,0.1689753729868088,0.19846017960642012,0.005907317553410795,0.009831345097706575,0.04560528083256022,0.21654856670844594
0.011990092647963586,0.1057630076697069,-0.000763998228213613,0.09734696600015333,0.002039736829867911,0.1481537998520408,-0.008602083452338849,0.01049084092009378,-0.0031942830483384643,0.043158338381588224,2.5658827727231825e-05,0.013331193823832299,0.0002557528531817177,0.059739335948523015,0.1714520763052949,0.20663277108574238,0.0059140040935747665,0.009864805738498766,0.042089286933964146,0.22117730751561593
0.012004278416089618,0.10977475164044322,-0.0006839284888868914,0.10148168255620808,0.003971521615836693,0.14853144735806256,-0.008377346681725295,0.010690962646849022,-0.004260821887641653,0.046663226647192024,-2.649925288034094e-05,0.013664471098645992,0.0002690137835768547,0.06294866533808768,0.1739074038011942,0.20973576424950205,0.005920867645679903,0.009921568792425535,0.04181572862565015,0.22573578508072312
0.011978285856885684,0.11263804350737902,-0.0006487612695039655,0.10442279781610928,0.005433985279806874,0.15630539426595047,-0.005657804591413962,0.013388120518899116,0.002958416756922433,0.06414522080625606,-7.722782863189837e-05,0.0141577437919842,-0.00024325423254742407,0.06695344060088823,0.1763405085982151,0.2147744645477758,0.005926808278345522,0.009995782422350098,0.05682058401549305,0.23022317635653733
0.012042076780834608,0.11543008406454867,-0.0005420038496579578,0.10705779856213772,0.0076370529698590595,0.15886117175446368,-0.007379156611945581,0.012920024700971467,-0.003579624582771057,0.06633181089625606,-2.5964213564683147e-05,0.014613709935908048,-0.0007459028431039683,0.06512660087745506,0.17875062939062253,0.2218546146672243,0.005935154842836413,0.010051570206036742,0.05081080507416021,0.23463884514805433
0.012098958336903857,0.11905015525288679,-0.0005438871959672232,0.11082729502714657,0.006224149435082094,0.16143827535746813,-0.008622262764511468,0.012298875381150886,0.004934858637290818,0.05500741423167044,4.735290270813097e-05,0.015180419376769838,-0.00014474190458724223,0.06493134688718502,0.18113708575153337,0.22554413002307788,0.005940088630729216,0.01012115508713198,0.055643876003005154,0.23898232870494304
0.012069637293107442,0.11940068889131934,-0.0005485294781637819,0.11122508770801981,0.005202753690824569,0.16500390095365947,-0.008489189970761191,0.01331730329534131,-0.0028053112189474483,0.051658556323191385,2.1971201197235057e-05,0.015695932068751195,-0.0005085015255780756,0.06916909602666005,0.18349927327709883,0.22767786565976586,0.005942912739576022,0.010175701692298374,0.06000563780513156,0.24325332484758616
0.012071562704954446,0.1215170856198603,-0.0005652392102102992,0.11331741048897986,0.006019124691726496,0.16805122035879827,-0.00985872141905253,0.012072944927945261,0.006852660551122769,0.06360786814999508,-0.0001410617727221064,0.01648298079108379,-0.0011597689529474764,0.07378351700138322,0.18583665868151164,0.2295254964794629,0.005947263822054306,0.010253913656771557,0.04953017546021193,0.24745167964582424
0.011703608530163397,0.12491134917385016,-0.0008981804665942859,0.11670658996259352,0.005880028784923885,0.170720801527815,-0.011513876039680782,0.012261887336442356,-0.00014661285577255434,0.06343739626327893,-5.733917828826263e-05,0.016763838643424345,-0.0010337206110000718,0.0756619354548845,0.18814877494635873,0.2347024340221738,0.005955473977228197,0.01033092936681076,0.03986490162193358,0.2515773756625475
0.012258849137121337,0.12704122208733287,-0.0004104223727917338,0.11869785087116197,0.008374658810050617,0.1785767926506523,-0.010688168107705332,0.015076861734244018,0.0013000986528233227,0.059255295390385876,-8.288922761404138e-05,0.017809469254906674,-0.00045429258449772303,0.077455483376594,0.19043521661112636,0.240368901179329,0.005959546100216345,0.010386090636459754,0.05796506843090659,0.25563052076819825
0.01269492708687224,0.13047939381145957,-7.305667244333902e-05,0.12219072495342707,0.008068531163600401,0.1867865611104833,-0.011802069551702076,0.01449676877592162,0.014458254107910795,0.054360898335213514,-5.949495034754393e-05,0.01819840468416256,-5.3866772444788324e-06,0.0798321624274271,0.19269563527224318,0.2506819934364644,0.005960473333450666,0.01045728805758987,0.05763552880489118,0.2596113375269845
0.012645536842694989,0.13308308644968267,-0.00014128814147629926,0.12489114585684019,0.006282346386964344,0.19960207182067413,-0.01216434460264717,0.01431747038261597,0.004045488013048604,0.09548027497954958,-9.162751995964169e-05,0.01867671253168257,-0.0007428420249872558,0.08626977466658106,0.19492973533811206,0.2571454149533614,0.005962096448923548,0.01052418103233354,0.07280978697729118,0.2635201531510874
0.012494675669742975,0.13643287699536133,-0.00022003149569352516,0.1283273100168254,0.004700358399633231,0.20866861986837826,-0.012516528637680834,0.01551305259144765,0.009429736284860324,0.07540578046811475,-1.0353740133056677e-05,0.01973966724646714,0.00029769966252690683,0.08998456769302252,0.19713727006882073,0.26314007384006466,0.005965072407365715,0.010590752719465201,0.08141742298841687,0.2673573900153317
0.012538595650951414,0.1396267154500965,-0.000113519883279024,0.13128471490025428,0.0019002897593998203,0.21312813200083713,-0.013418742334888578,0.015662983708667044,0.00085716693339144,0.06634263176536503,-6.136172529494499e-05,0.0202561503668508,-0.00017320089591155163,0.0906412672023641,0.19931803791276104,0.269529837929366,0.00596980993524072,0.0106666129573679,0.09867343637124039,0.271123556721584
0.01261773259589082,0.14229456614485825,-6.485523130428904e-05,0.1339583549993937,-0.0007803602496814221,0.21613967336852546,-0.012976702373233806,0.016877855520524742,0.0037099329404730597,0.06256065394249755,-5.9267743037161313e-05,0.02059345829734549,-0.0016220202220618984,0.09541460083803105,0.2014718791388671,0.27261847670311357,0.0059722496512112635,0.010727429190076632,0.08290762178588121,0.27481923969950744
0.012944547963628568,0.14613839298628067,0.0003091545694194429,0.13783219875312602,-0.003069762258440356,0.22405414778122412,-0.013926675767569507,0.018054577086105104,0.0006482439602863987,0.06767058825784245,-6.0219876031192276e-05,0.021727703251994246,-0.0013454614855531455,0.09882224250646132,0.20359867275281815,0.28013430051941757,0.00597544980887461,0.010807241677757725,0.07043228339841125,0.2784450953281729
0.013107227853637715,0.14778824806734764,0.000525149626842759,0.1394869623739437,-0.003156658593739259,0.2313474676720737,-0.014795455427778225,0.018053095330440326,-0.0026643184544017373,0.0846061789422412,-5.863649027357254e-05,0.02217477020963976,-0.0019021094867337496,0.10021851847979113,0.20569833367825904,0.287475462745459,0.005980332224806558,0.010890645768195406,0.07580539845079574,0.2820018425613318
0.012918329629086322,0.15102629295759426,0.00034051910620998445,0.14299331482846528,-0.0038757429845026614,0.2316178415310748,-0.014275722485646025,0.018924777682736815,0.00469257771186804,0.10115255245417232,-0.0001088736599289819,0.02264259443654848,-0.002125997794998391,0.10195912890675529,0.20777081017957996,0.2930056835889785,0.00598478975342852,0.010968088893957994,0.08360346897832305,0.28549025603787914
0.012871750771995068,0.15397637572024442,0.0002870188954547121,0.1459737052845411,-0.0030959617333479184,0.23720388892228939,-0.013767352797389987,0.020355606068553633,-0.002939548011928972,0.07708241883333855,2.9164780806834045e-05,0.023451714824938685,-0.00208601372012987,0.10631912103308011,0.20981608150065442,0.29779170643195957,0.005988580377296823,0.011056131602795729,0.0827729241633688,0.288911159658076
0.012573965445278426,0.15639076905581367,-1.6390407278849342e-05,0.14845998223949247,-0.0024330002671566486,0.24349513759098684,-0.014305529486693901,0.018868811845163713,0.0021339905385293623,0.10608558096407417,0.00010169134559359638,0.02430191515040825,-0.002340112173319281,0.10715926508494794,0.21183415569370043,0.3051952442258017,0.005992694686523025,0.011120826924762808,0.0598891998699409,0.2922654206054734
0.012802528861791045,0.15805583063387157,0.00017653430285812823,0.15003386217455902,-0.003309475847822485,0.2481795568797609,-0.013806407808341924,0.018638388609821487,0.002338204719986914,0.07755539610230322,2.7717533514576287e-05,0.024991465581008843,-0.0025277853945471496,0.11149436940407703,0.21382506761363684,0.31140974331155347,0.005997112869958773,0.011181424829797806,0.05208588558894526,0.29555394379409206
0.012670815763521949,0.16131567056365598,-6.263762305242643e-06,0.15333519453338978,-0.0020736985069422786,0.2540860070032105,-0.012828482794821372,0.01949595036633687,-0.012108217431217039,0.07117166382680618,-2.3407603694042267e-05,0.025758231088518935,-0.0021244758130657126,0.11566419908200243,0.21578887705550812,0.31310242837441904,0.006001764183987192,0.011253689827991109,0.07315438073144684,0.2987776667202583
0.012064019141779736,0.16335106730508064,-0.000639467634660754,0.1551913251279306,0.0018210132008198432,0.2582937749205487,-0.013063284647877427,0.019316577821018976,0.01365403829565659,0.1028184596148295,1.7410604915779615e-05,0.02655432883269193,-0.001462419195137954,0.11578137932438287,0.21772566701536614,0.3161599792595788,0.0060039442947042426,0.011310358412837049,0.07010245534373695,0.301937554698533
0.01220063675131033,0.1672256977526922,-0.0005153841601311382,0.1592195206477801,0.0006458735695509255,0.25886314545729827,-0.01359742364884926,0.01894617932449416,0.001087783963060529,0.07990947197375942,-8.905231542313818e-05,0.02773940250148277,-0.000272561709243474,0.11807074840085963,0.21963554205807342,0.32352426978716475,0.006005789236828893,0.011381846472255585,0.06771174693922029,0.3050345964613689
0.012082489457033973,0.1692669474620555,-0.0007246595149985619,0.16134720818980547,-0.0021799280819370104,0.26360845171340175,-0.015975677829767266,0.01768532236663904,-0.0046211378698231,0.08505362467672006,4.461574931818868e-05,0.02788610844467443,-0.0005714239969695223,0.12183104500227909,0.22151862677857861,0.3290995582937483,0.006006960984283326,0.011421874392798313,0.0772124944902377,0.30806980010245183
0.012204550958841646,0.17168389309828253,-0.0005496267297282406,0.16381867918079845,-0.003681516070489277,0.2670753643844891,-0.01694756887745209,0.018710496322395537,-0.00594775477281706,0.0798199368760274,4.535754729831365e-05,0.028584072933957927,-0.0016405497682075165,0.12201335169013519,0.22337506434608906,0.3344410850424034,0.006009000171194534,0.011500887563569342,0.10503557055158093,0.31104418934413286
0.012031316335774415,0.17401396455328771,-0.0007026986670331248,0.16628569112840658,-0.003383656249539513,0.26768557842179463,-0.01747639527706204,0.01905125238722639,-0.005721011809521892,0.09147078572715317,7.527670026882816e-05,0.029377639553626045,-0.0013044635003554572,0.12711557483453279,0.2252050151231018,0.33841767200103207,0.0060109723841689075,0.01155874418084817,0.1025941147202642,0.31395880010987476
0.01159254505008548,0.17655068404762386,-0.0011929192634858605,0.16900147041870567,-0.0026254326800199124,0.27219075219152833,-0.01739207116270005,0.0196681734978556,0.006671723008499164,0.12546686294223652,6.659903899797204e-05,0.030125694662580305,-0.0010877172932919343,0.13280477020010645,0.22700865535335887,0.3424766316033476,0.006010987742588866,0.011624877896738377,0.11062569902840269,0.31681467738324104
0.011499453608387505,0.17852202017686142,-0.0013085979189756004,0.17098455697225515,-0.0002799202137386825,0.27960158275998725,-0.01794280497925399,0.01884419067357848,-0.004734235110656737,0.10403935087750149,0.00012337283696164936,0.03174873466764949,-0.0015221035840804753,0.1334088669597905,0.22878617591444456,0.3456598791916713,0.006010788385230157,0.011670459863708606,0.09511712432855345,0.31961287233560187
0.011588094173384208,0.18091488259623462,-0.0012249275491752198,0.17342389759100957,-3.742617471735876e-05,0.28505898213893655,-0.019554306053737848,0.01841303730141421,0.009237275307561021,0.1402326965748688,-1.1344341625113552e-05,0.03279396731059747,-0.0012900322277795695,0.13831085516735453,0.23053778113194728,0.3490287234586197,0.006010755168564955,0.011753048238189732,0.09448674596096124,0.32235443970542355
0.011514154287639945,0.1827110269704454,-0.00136486672675336,0.1751332589797172,-0.0020237037004877667,0.2904776508285163,-0.0182015013280599,0.020615921567886674,0.009343272841762174,0.10950633431044321,0.00013416103332633544,0.03296792294319473,-0.0013233296617604362,0.14439224439431597,0.2322636876529115,0.35212635151969357,0.00601262785572665,0.011807669277493651,0.08136865927344174,0.32504043541272326
0.01159330627747527,0.1847238416757476,-0.0012556830671853376,0.1769483995541294,-0.0020094190818267244,0.2950322350829575,-0.01739431601952387,0.022073270701869808,-0.009120689912428759,0.10858007896140531,-1.3373191295990017e-05,0.03427561100304821,-0.0015598541881364225,0.14671706259765113,0.23396412337677466,0.3583132873571546,0.006014273696592164,0.011890566954022795,0.08096551960246393,0.32767191439300936
0.011963817026974057,0.1862117579937561,-0.0008490499808571864,0.17839153187505674,-7.55964390497521e-05,0.30386843410498354,-0.01691094093728116,0.023389927190187832,-0.008275958531227534,0.12455688109327512,8.515283109059024e-05,0.035038969087372474,-0.001547998374222398,0.15008627858791607,0.2356393264421892,0.3633887002252578,0.006016000270766773,0.011965072980759195,0.08832018980732277,0.3302499286357629
0.01185059468593886,0.18847132119018503,-0.0010259270789102683,0.1807143721862958,-0.0015060883425546123,0.3120489608528989,-0.01765036445066447,0.023940755605191343,-0.0046285160545394,0.1331060339144734,-9.251225135314955e-06,0.03624392677104504,-0.0016100349735327646,0.1516187434210825,0.23728954426815405,0.368047961279008,0.006018387736205214,0.012045114250322574,0.08512759680028274,0.3327755254132638
0.011603478292550033,0.19246061968187667,-0.0011604574922754428,0.1846729457785548,-0.0018724799718723428,0.3215191403966794,-0.018724345097155204,0.023689495427161707,-0.00481781822156413,0.09901512259899814,1.0049491732361249e-05,0.03717568011054273,-0.001189976288512945,0.154364252646291,0.23891503264778802,0.3734665847924452,0.006020630944211449,0.012106143547181368,0.09066876343772244,0.3352497456862975
0.01122088442639372,0.1940277785266551,-0.001482133554544388,0.18636432467144554,-0.00361802370442188,0.3252022783083124,-0.020317282771698374,0.02326325065979331,-0.010538504650498215,0.11383885788804515,-1.5134195988086852e-05,0.03812639386849681,-0.0003678522308039056,0.15859426072485536,0.2405160548929369,0.3810948422546043,0.006022304979807289,0.012185627246671379,0.09698248019401544,0.3376736226740062
0.011087755013659295,0.19538900930101735,-0.0015635578231178986,0.1877299585348621,-0.004991826784241482,0.33175904351630947,-0.020910788956407446,0.02345910517101694,-0.011829809812033742,0.12970491703466236,-1.7246785718350033e-05,0.03932967259449738,-0.0018449253182455383,0.16206846729953223,0.24209288102765383,0.38347293639061136,0.006024529192834669,0.012250924827177954,0.10629693519411026,0.340048180575855
0.011261076812197273,0.19895819993529568,-0.0014474940967157592,0.1912298859327254,-0.007722722563767714,0.33398039842215266,-0.02022572937936017,0.02470012498475222,-0.010972545081194607,0.11671759145512228,2.941091254624051e-05,0.039925084937804556,-0.001435482392584786,0.1645550352220334,0.24364578702846806,0.38930687703536965,0.006024980695655149,0.012324694244665552,0.11502894078214118,0.3423744334343779
0.011347659352220665,0.2010075604997143,-0.0013428177592740356,0.19319803887400377,-0.00990335011261756,0.33656059536696226,-0.019997329211054148,0.02557734658258471,-0.0026497854185483227,0.1160769817426136,8.467166290887507e-05,0.04119062210693536,-0.0012432325668459976,0.1684789442856681,0.2451750541092756,0.39351589672966664,0.0060244595312493295,0.012396554845561049,0.11376570194970698,0.3446533841280346
0.011314466381059634,0.20321726555827951,-0.001312570951290037,0.19534865500944823,-0.010663067900244183,0.34337480843634816,-0.01930921781304503,0.026875399308442516,6.698951942818443e-05,0.17004063272702985,9.73871257368697e-05,0.04198955601858034,-0.001800886705853294,0.1764245439199953,0.24668096804864803,0.39985929666385256,0.0060250330780386935,0.01245192548695868,0.1080345323080437,0.3468860234841606
0.011080492393558806,0.20345265065461735,-0.0015447786264630777,0.19550265239172573,-0.005607844378394233,0.34965664780998595,-0.018681151976837042,0.028500439015914574,-0.010375860297200834,0.13419742599104545,-3.5976061662085224e-05,0.04295307423140948,-0.0012369279154111346,0.17666347910020533,0.24816381855737255,0.402930062888042,0.006027622116479965,0.01253444967054458,0.11789130931992388,0.34907332950260594
0.011344674712180593,0.2060440030158761,-0.0013283214017057489,0.19804980262500635,-0.0025299078511464845,0.35754323096711804,-0.01872760187208944,0.028946051596941025,0.008409071052015271,0.12111442089469227,-6.796511765078117e-06,0.043856903776555045,-0.001066803698911406,0.18298187362672771,0.2496238986840867,0.40761758101824463,0.006028233092198713,0.012616411482487228,0.11535154841866886,0.3512162666812647
0.011662535557902056,0.20889982889264114,-0.0010219539156941376,0.2010040662884538,-0.004626594606951473,0.36507800847820626,-0.019377384783576534,0.029586075270532315,-0.0011953618471678418,0.13765559581908826,-3.286537366101183e-05,0.044320338164935524,-0.0008688300477228961,0.18810648815659656,0.25106150425695545,0.4115241061142087,0.006029606121415433,0.012680871746307682,0.10363568493169273,0.35331578543525344
0.011847084171468604,0.21082530363178661,-0.0007762283542282963,0.2029973478183947,-0.005156058004442077,0.37093932851618094,-0.019264148693977422,0.029581583014860142,0.014547470085829906,0.16643024545767238,-6.104432429285267e-05,0.04583700754039133,-0.0008293213148757861,0.19481776858032007,0.25247693335944316,0.416668448772787,0.006029606671657322,0.012744957762429291,0.11711344342411248,0.35537282160205297
0.011870491093541623,0.21197683009993704,-0.00066702812572959,0.20413528150370558,-0.002514733463714336,0.37660699455453506,-0.019464873467603293,0.028943359650496842,0.0013360164189792911,0.1580985448554243,-6.26450751428087e-05,0.04663196168269845,-0.0006166278364923283,0.19668590928808347,0.2538704858383427,0.42273894090200176,0.006029679029124632,0.01279860550452142,0.11471546464912147,0.35738829602542926
0.012002359174039228,0.21308072435487513,-0.0005515300875730562,0.20525032104174457,-0.0011800912668775698,0.38185637161079566,-0.01846201219708372,0.02950876672268434,-0.005471078425557607,0.134134539397729,3.429350750264182e-05,0.04753114584144735,-0.001037916896778568,0.20100520891762977,0.25524246284234847,0.42628447679706166,0.006028504940686662,0.012859351000889573,0.11437916284075958,0.35936311421144906
0.011952892710603895,0.2149453641675361,-0.0005911955589608057,0.20713285630303543,-0.0011870444981201267,0.3890529331970728,-0.017913429978274366,0.030279725713573808,0.01313156816201233,0.13970721960856414,0.00010473285443068914,0.047813129259628884,-0.0014928727828484312,0.20927726770960164,0.25659316638957036,0.42911603548338856,0.006027030175726652,0.012915143327550428,0.11339930556626447,0.3612981660503618
0.011798202014858712,0.21963280967605492,-0.0007292164052742339,0.21203577833871792,-0.0026018108442533716,0.39645106191335056,-0.017200415761845566,0.03197871075755963,-0.001460774385393604,0.162478183109234,-3.096067826208193e-05,0.049853347800174364,-0.0017706785765086996,0.2097935216998807,0.2579228989625031,0.43133263712678693,0.006025420551370634,0.012972823402746747,0.11138183552765947,0.3631943255985594
0.01177215214063286,0.22424910755547262,-0.000791529902920779,0.2165617389262745,-0.0038149356402130685,0.40091179023866697,-0.01723688442382152,0.03168333656482051,0.00014542092302138876,0.1388766801210395,4.944444801324721e-05,0.050061219892381326,-0.002013967936474792,0.21430843456244686,0.25923196312906915,0.4342296686663583,0.0060262285637571935,0.013033097240032777,0.1131961282651295,0.36505245091523664
0.009436486567116945,0.008068176182504248,-0.002337327120289532,0.0006067770336137474,-0.011519579063823615,0.004095682137871703,0.0005370501726099542,0.0007596535069228528,-0.0007385190577122724,-0.0065582099889178735,-0.00010365661437045093,-0.00028363874037107273,0.001431359754290512,-0.00040452926498218966,0.0637777737943615,0.043996448162383905,0.005771613439704991,0.00788336412624783,0.00018435532708978652,0.020165388180402023
0.009654414750321406,0.00875851173588966,-0.002133269316301206,0.001009536752875009,-0.013693566938785429,-0.004696564420161975,0.0008972415761716146,0.0006482581946482991,-0.0030450563824344634,0.016573692803718232,2.980119188206176e-05,-0.00026836969570009916,0.0013208146884875482,-0.0023519914462839797,0.06378229511467892,0.042179218368987685,0.005771531289770058,0.007909080204540057,0.009759839479138053,0.01982036745685556
0.009720415807966249,0.008186806576014161,-0.0019893318403009196,0.0006221837729783134,-0.012905055374044405,-0.005112561780874936,-0.0015072139682842268,-0.0013466158696970765,0.005541241017373855,-0.0053446574600672925,-2.5128025289977707e-06,-0.0002662385853746674,0.0005915260572720571,-0.00037967363601601467,0.06390950567101623,0.043889051705794054,0.005773622147727295,0.007884783994113765,0.01742057961235014,0.019753764791681973
0.009724182159740292,0.008549879070641357,-0.0019970116612790852,0.0009582032630619667,-0.012629316518776301,-0.0049947684665148095,-0.001176848427688526,-0.0014958921343575127,-0.0026252183813875174,0.0010618450044231897,0.00014141030021291856,-0.0002862135576097158,-0.00022139544263194422,-0.0014697889092637473,0.06415950105508891,0.04322866376451756,0.0057724115718906675,0.007891885373833368,0.019177544560476007,0.019965472647920816
0.009833750412320937,0.008737999199939044,-0.0019526091604139435,0.0011650717257130731,-0.008570547208579304,-0.0036067423134131804,-0.00044058712338872484,-0.0007239486412091156,0.009386304199463291,-0.006409344596610689,0.00021382918896886705,-0.00024639308152241135,0.0005656247795940705,6.923691660903897e-05,0.0645320937655541,0.05213233752699646,0.0057754460076870195,0.007903774395292416,0.0,0.020454374889651905
0.009851615197264237,0.008780114527276525,-0.0018467116812935901,0.001177835911595461,-0.007311675004978868,-0.004988653191760228,-0.002373729402138658,-0.0025618091506367955,-0.006428115959372427,0.0020652781939466403,0.00012126100612946944,-0.000234473351833131,0.00014524264869833492,0.0019868945654564207,0.06502678784460958,0.04605499285124328,0.005783952314182921,0.007892077291175126,0.011237418059706492,0.021218357980766583
0.00967137005232492,0.009774674035846162,-0.001916782360354221,0.0019996448865277324,-0.009368661208905671,-0.00015564454972838426,-0.002960674364977678,-0.0024025620949042594,-0.00757045407605994,-0.0018646377380910906,0.0002019919074095211,-0.00023629824787529952,-0.00024073681602179708,-0.0012238776339686397,0.06564275636488474,0.047058701246973825,0.005784390814061442,0.00790432292934768,0.034991038643685995,0.022254331269687996
0.009961384465388894,0.009836049786140487,-0.0015960831005353993,0.0021736917279755004,-0.010346687986392267,0.0071911681482428325,-0.0022723396669098394,-0.0006965218945902297,0.002891985965264632,-0.002830352857008389,0.00022364399747926145,-0.00021442032808249856,0.000335605882468476,0.0008332409788196216,0.06637882363232073,0.04894571295498606,0.005788911841446498,0.007913486458391239,0.015403335435132857,0.023558256002189165
0.009580452911726994,0.010623072242606524,-0.0018033665778098389,0.002973215224095287,-0.009685687725079273,0.006429895359161053,-0.0012782695565141887,0.0012403424111812277,-0.004182083341993215,-0.003932949353364856,2.46794652412341e-05,-0.00015402704334288586,-0.0009230435918364532,0.0025679949896481036,0.06723345358776199,0.05371873874266999,0.005789292431983415,0.007937346108970275,0.014016358798356018,0.025125182558413544
0.009748371463556307,0.010992389869157725,-0.0016389525426162201,0.0034515423399644543,-0.011594760056276021,0.007423912271908195,-0.0014693853700521674,0.0026930457503993033,-0.005084022406602218,0.0022939176442644538,-8.87967647848209e-05,-0.00012747905897148026,0.00044639710673516353,0.0030505009319976295,0.06820474560892484,0.057190715366036766,0.005788633636940201,0.007946943471985034,0.012670746516759248,0.026949295278242188
0.009038519430632939,0.011903427247387919,-0.0021985451105099446,0.004650158363757213,-0.01414430129132227,0.007578121736073751,-0.0025248402136211377,0.0013106815961069663,-0.003274830450144872,-0.005462924835622385,-9.163209897392055e-05,-7.354811597970468e-05,0.0006888269281640214,0.0030610165989615745,0.06929043881874351,0.05539140304899901,0.0057951162595523175,0.007963011712551388,0.023444501257951885,0.02902396412462385
0.009339830956865785,0.013553692155920762,-0.002023760763431604,0.006166823936606149,-0.007097340737917124,0.0074805669512101325,-0.00301957199804147,0.0001633058533014542,-0.006352756832199491,-0.0005696723809172077,-0.00011753829950125749,-3.9496028949481676e-05,0.0008443487701795538,0.0024914364845039783,0.07048792602541387,0.05478904948230946,0.005798960870697315,0.00796891079901553,0.0059173539056166236,0.031341802340039505
0.009457427056535395,0.014268328350024468,-0.001975747055438265,0.0072726856941528195,-0.008090506866797575,0.005180135009919651,-0.0038434303659449776,-0.0004477370295849048,0.004264924708231477,6.75861916169529e-05,-0.00013170893520070281,4.058585361665923e-05,0.0020026009537620904,0.0036172893664531414,0.07179427831984284,0.055128140672441935,0.005806623870695018,0.007999000573769226,0.0044250899458895595,0.03389472917877721
0.009740685895076536,0.014926787173082622,-0.0018140798384586633,0.007747984857556775,-0.01132409305920734,0.007502803046028683,-0.0030756487296215718,0.000506853685296571,0.005562739099387981,0.005392717664091329,-3.6873735130393825e-05,2.9404762229678916e-05,0.001754084729444494,0.001464473878843242,0.07320628077956434,0.05633106761966329,0.005818302238413489,0.008014957333355522,0.004957322484426024,0.03667403674818816
0.00988580432076688,0.016085434736710633,-0.001636423867256289,0.008947143890673873,-0.013581692019094538,0.004588619653227877,-0.0025283213063370447,0.0011463284279260356,-0.0023193046647196347,0.00035182039937620146,-1.164350440455153e-05,0.00023968766344129033,0.0018463344820371097,0.0017962029065440588,0.07472047833417202,0.06030210132796545,0.00581993831697012,0.008006601867247953,0.0,0.03967045996579751
0.010395364954031426,0.016764480688488376,-0.0010460741030989627,0.009532521761736454,-0.009780988209971975,0.0040699169283686665,-0.0031682414576566066,0.0017175477739918231,-0.002555913154882239,0.004788496308612666,-2.356866988131867e-05,0.0003075870911503076,0.0015884322876934254,0.00452384964807967,0.07633322860223496,0.06117845579778059,0.005820841819581254,0.00803220334613951,0.007011809092976644,0.04287424863548876
0.010182109126868821,0.017491044773358146,-0.0011538206467362044,0.010377381059589331,-0.007490019641381407,0.007307554385909354,-0.003645766276230833,0.0012727888390692166,-0.0017656914741275287,0.0027458570870748655,-6.064659078602874e-05,0.0005099822877858706,0.001100132398945991,0.004438019869684062,0.07804075601598831,0.05811503867498154,0.005821369433003419,0.008052794965038438,0.0032527191891866523,0.046275240663691874
0.00997918558812435,0.018966385324436896,-0.0012295365045783928,0.012053982351047241,-0.007956720002728845,0.008826858823098416,-0.0011964404686007012,0.004278066153913696,-0.00695674344874142,0.0031046299394471566,5.253154832851603e-05,0.0005524485708978677,0.00030910599374903147,0.006096125644379141,0.07983920006749466,0.06444634858474042,0.0058292025800907,0.008078934281528907,0.0,0.049862935473699896
0.01004040304527364,0.01979938718617868,-0.0010665401616563718,0.013169018740015524,-0.005097711450523068,0.011996097909535264,-0.001945865513878864,0.0035907235694046303,0.0022861143657737504,-0.00331479281462288,6.292977121830079e-05,0.0007701228120540193,0.0002989301198201011,0.007091331707979792,0.0817246513165968,0.0684786541564011,0.005837826567859532,0.008109744930658372,0.0,0.0536265667305496
0.009968817653975379,0.020849378772940852,-0.0010289282909669451,0.014113356024180098,-0.003066747091446942,0.019444922914925833,-0.0017898715865006798,0.004381284563642918,-0.004548614571761256,0.0061312216746669534,7.721628489931742e-05,0.0009160575899567203,0.0013137555124879685,0.008184431874639214,0.08369317212279435,0.06803030950269041,0.005846398181747041,0.008164199042885453,0.0,0.05755517355760542
0.009420150973238612,0.02204179850818067,-0.0014648611457706157,0.015456097318352076,-0.005942330762676251,0.02153544729385448,-0.0021833585635185893,0.0044228095735313385,-0.0006958699226431442,0.0027878533068266265,-3.1293572329754715e-05,0.000868542699307584,0.0026164140950012404,0.008590055844135469,0.08574080354720022,0.07046871649733931,0.005854545788642826,0.00818279087140405,0.0,0.06163766950614812
0.00951403741933767,0.02272998841011986,-0.001366781638907055,0.01608500315354443,-0.004983103183734405,0.025380374333314304,-0.0017999446574729293,0.00374027243887014,-0.0032935850113240406,0.009236338664903476,5.729441825369497e-05,0.0010831789414981197,0.0028861783925457074,0.011184567162621672,0.08786356336901073,0.07494379424420841,0.00586391390200261,0.008183948498300697,0.0,0.06586290862786771
0.009164193004543027,0.023973746746069967,-0.0017713303455149446,0.017307493664773813,-0.006994786242908946,0.027217581403387925,-0.0005629824661941618,0.00407574449620599,0.003512913542617513,0.009353592732460725,3.2387330188010655e-06,0.0012001255033349256,0.0025979441958811356,0.012787270673221551,0.09005744125117221,0.08034893167617055,0.005875600729708623,0.008219888751274163,0.012029925402683748,0.070219748094209
0.008891541337285095,0.025870069912314178,-0.001944738803420009,0.01914877836533769,-0.0071165630994254325,0.0306613930152011,-0.00018921935371186694,0.002697084506103187,-0.0013105228217837883,0.008833267681549684,-7.132744384019674e-05,0.0015948981226235892,0.0024643139929059754,0.009658978870465573,0.09231839590316374,0.08662173317349185,0.005887081022949737,0.008265289995157882,0.015499195348927486,0.07469710690317595
0.008740130301024655,0.0269950179039002,-0.002011448954976562,0.02023424611419864,-0.0057732812149164925,0.029194265050339396,-0.0011526076605110958,0.0022340471658642167,-0.007616695995627865,-0.002991958545804252,-4.4931689495375515e-05,0.001769050795609517,0.0027327583374752162,0.00951574729544613,0.09464235683160721,0.0897696287355267,0.005898995312821236,0.00831603418158843,0.02762068820594205,0.07928402031085408
0.009017765311014498,0.028685232405058606,-0.0017709856498310823,0.0219412452054346,-0.007880704508311132,0.03549808173660485,-0.0012788595246971068,0.004290468156477911,-0.00402473486433963,0.01768607671831668,-5.699959265068055e-05,0.0019799828807453013,0.001961400246093148,0.01450682042314988,0.09702523117538508,0.0888471463301636,0.005905903815634384,0.008375617950296349,0.021653036077025418,0.0839696897192374
0.009449158355156539,0.030175011063974896,-0.001333005733443941,0.02342530725386778,-0.013145235923725407,0.03782148632980009,-0.0006831562029122717,0.006641053068994485,-0.004001342397710106,0.014930756854851124,-4.429625900886913e-05,0.002149178804093599,0.0019326953017435866,0.016073382309733125,0.09946291480895286,0.09381675812322676,0.005909827915236411,0.008414344061042824,0.03546983589461412,0.0887435278419689
0.009649032391658922,0.03242733589705794,-0.0011365458739867693,0.02568707012059084,-0.016046998018860448,0.044394790735113654,-0.003618322397586138,0.005566941997422281,-0.0024859210307328627,0.010297926816069891,-0.0001420377902572878,0.0019432368179771453,0.0007536941350006765,0.01597375252240882,0.10195130637623323,0.09560531594197695,0.005918415468289547,0.008460965289156023,0.019792804935862975,0.09359519905370481
0.009696717955864093,0.034696464937542956,-0.001097647090825429,0.027972738343026812,-0.01761830121138286,0.050643997531262475,-0.004008376261519375,0.005558900096734476,0.0022176224878714956,0.013401408536016346,-0.00016105344129807575,0.002203911517607904,0.0008314529512751245,0.019911841297957644,0.10448632291101141,0.09807169815363655,0.005927970930245754,0.00849538899122848,0.03745278964223661,0.0985146549057431
0.009595868999838988,0.03611778610741503,-0.0012129882945247413,0.029505818739710612,-0.015391485886250278,0.05249666236736972,-0.0052815500869712205,0.004260363306987059,-0.004655238897300018,0.010662536096132214,-0.00013062183272188888,0.0024369705196959357,0.0008993341679880695,0.019672627567363515,0.10706391592152713,0.10411608540228107,0.005938793318535057,0.008537245840025156,0.03320443063124682,0.10349216485943456
0.009147708733023917,0.03633077675180452,-0.0016041703516525441,0.029844821170501207,-0.016702879916135505,0.04978985948704695,-0.005261644888053307,0.003553346990072359,0.0014107081643850439,0.008875231380476079,-0.0001335443447058049,0.0026627986320100216,1.9355742993804048e-05,0.020685087924939893,0.10968008708951489,0.11116504622250542,0.005946942730360408,0.008573089555737325,0.037831238808179325,0.10851834234916799
0.009595332734360383,0.038332757317409705,-0.0011426182278079892,0.03180154787754563,-0.017175887031907866,0.05362987157257271,-0.004393013529767375,0.0041534234494364445,-0.002224040839352126,0.026574421423120498,-8.403430229822484e-05,0.0028982090841747077,0.0013726094085667606,0.01755353598000109,0.11233090298940844,0.11139144111814184,0.0059559963574792,0.008616242989278143,0.03195967743519384,0.11358416633815137
0.009553820745666864,0.040806911071521165,-0.001201899903110544,0.03441881526520704,-0.020762761983859512,0.055588396446060395,-0.0064374395742144985,0.003528060368565078,-0.010960465059260516,0.025034208803412894,-5.48860481211777e-05,0.003142497028404745,0.001591728618839966,0.02038396883714108,0.11501250846536533,0.11636836517487636,0.005961060535562657,0.008664586079564367,0.03353790245230622,0.11868099857282123
0.00912799158695838,0.04220857654651356,-0.0015123952084545311,0.03590913775042158,-0.02113249914328308,0.05531607657798654,-0.006059013035988392,0.004187691618252887,-0.00022146000941991595,0.024218030441326532,-4.295275916993413e-05,0.003504433597951828,0.0019482921046148627,0.021460888820491048,0.11772113851701099,0.12235081675263845,0.005972177846746142,0.008724786163956224,0.031328013143606136,0.12380059677576573
0.008731890798276135,0.044309569543822244,-0.0018451041879391106,0.037866766098343836,-0.02064253562619256,0.06201323030427264,-0.005883691948272762,0.005837086661399015,-0.008816368551451736,0.01322638424594158,3.838440288414513e-05,0.0037926009687930806,0.0014087597878791325,0.022222583534533935,0.12045312872589069,0.12609032251736074,0.005981708097985009,0.008791363009786704,0.03239640936711409,0.12893512404296345
0.008857748352154058,0.04798626083915652,-0.0017289471356510128,0.04154843610404095,-0.01738166157097898,0.06494556174200539,-0.007729619261501697,0.00645311575588442,-0.010628605174037409,0.027532203015242063,2.585319617751103e-05,0.004273032632596152,0.00040781052360200354,0.025542132981336924,0.12320492437047807,0.13310347252655255,0.0059918529924531325,0.008837192723991917,0.03851385850659779,0.13407715472951184
0.008409873669820343,0.05009274159583643,-0.002188145028192723,0.04360577619011567,-0.015551583185831719,0.07538663852161287,-0.006690995438344771,0.008545049938337091,-0.001746796188237365,0.018181595452114174,3.7114913199437494e-05,0.004557842087293151,0.00015368346514518794,0.027464417391202173,0.12597308839682453,0.13573929779802849,0.0060004655505615494,0.008901660570884897,0.027108703879454875,0.13921967711951394
0.008218765437125547,0.0534101840354331,-0.002358384290248018,0.04693354457121917,-0.010473642792820703,0.07622066680747874,-0.00396456163961223,0.00988435817691281,-0.005415783470717583,0.021270715334140045,1.779365911042108e-05,0.004888606649970595,0.0003365792641125409,0.027222955807138544,0.12875430833247514,0.14035675851249416,0.0060122297823046985,0.008943613502312608,0.033209333481028766,0.14435609318115003
0.00820379449338767,0.05559193938766478,-0.0023038043303094963,0.04871299683773669,-0.008345705015419647,0.07915837771411116,-0.0043717355432313035,0.010441710837832453,-0.004509704037033879,0.01957499682943964,0.00018271492440347092,0.005138168068495097,0.0015808818303064964,0.02844745859908049,0.1315454020945571,0.14664650096448317,0.006022680324920647,0.008981658468544656,0.03787343080528748,0.14948021570795855
0.00847581883320161,0.05683937656142697,-0.0019329185634974176,0.050157341680238506,-0.005655966607735596,0.08484532237600195,-0.006509702460698652,0.009762958610159755,-0.008568376184398208,0.0259316343362348,0.0003150554208145584,0.005483389232975311,0.0011319606841177499,0.028087868493105683,0.13434332252261302,0.14877564118133874,0.0060288363163747685,0.009036760166198329,0.04144895909752662,0.15458626314275944
0.008410434344739495,0.05969648283471351,-0.0020047347656427777,0.05304147881165758,-0.004530072062375323,0.08904267354656148,-0.007824202805388147,0.009664424503355107,-0.005090504678282759,0.01438180035368719,-3.7717427262634606e-05,0.005589989724895439,0.0010294720578559458,0.03326639057122954,0.13714516043523645,0.15028836279137614,0.006034422308824862,0.00908813832647701,0.024542538603515976,0.1596688523722339
0.00840069028666985,0.06276934402153825,-0.0019758651258257303,0.056013103575419845,-0.006008203321830274,0.09299003572380382,-0.007343153377455269,0.011744040681546709,-0.006241833025462773,0.036889544403746255,2.145099915334958e-05,0.006007433043563437,0.0012416226420885468,0.033417284965557126,0.13994814610038453,0.15599769730368437,0.006038856061145274,0.009132538249400012,0.0375997485992903,0.16472298976864902
0.008333250949005486,0.06479952116924188,-0.0020238686955081665,0.058269938600250565,-0.006762221337858643,0.09769384000888359,-0.0074371100123825085,0.011544811524887899,-0.006557738316024242,0.04099243617810355,3.3391054668791e-05,0.00625102439649694,0.001098415655441054,0.035276171397389255,0.14274964919729416,0.16299574741052064,0.006041925624976392,0.009173856649640698,0.04726801304762396,0.16974406074125484
0.008110944542917206,0.06681709876705993,-0.0020968976462190994,0.06039448756209496,-0.0075981702181961985,0.098418991071058,-0.007430498635293425,0.011305700021305543,-0.00489102121902496,0.03956991679410593,8.14754253692096e-05,0.006638040410481882,0.001829903422829543,0.03686001091452795,0.14554717756054567,0.16431520051475104,0.006042507873404499,0.009237640973864064,0.046895138102922916,0.17472781804411117
0.008044265392064232,0.06962051464744262,-0.0019681516774504495,0.06315001359111352,-0.009148991433647558,0.09884420906566804,-0.008678364378928227,0.009440236090818921,0.003250239463493898,0.01751219875586152,-9.740222352888628e-05,0.007059718252703129,0.001636476520645136,0.03891692125605681,0.14833837514969042,0.17105418114043755,0.0060445846123005015,0.009314699560473434,0.06182597906067164,0.17967036907005687
0.00819156712921932,0.07128487792436233,-0.0018517567327541624,0.06494334184499845,-0.0062030063031977,0.09948404937208921,-0.008860931806799976,0.008325878034068946,0.0069909297541981275,0.020286795481050057,-0.00014324185323266736,0.007629158204737974,0.0024959062544198107,0.04129602569104057,0.15112101972447736,0.17963300041194002,0.006049255334342022,0.009371117972143149,0.05898907757641149,0.1845681623427202
0.008355933416929168,0.07323372316282176,-0.0017045535345113303,0.06711866865733947,-0.007783462385458906,0.10707916594011557,-0.008521486445645644,0.008763252162061298,0.0018547777842664592,0.04935808112720996,-7.704195993979424e-05,0.00791483771845769,0.0020994216918223674,0.04311096508499673,0.15389302061879906,0.18357456925921506,0.0060499321073488295,0.00943691590577082,0.060108308582134055,0.18941797340029626
0.008315749033192404,0.07438793507600341,-0.0017402597088754333,0.0683105842563335,-0.007096013565988102,0.1100145146974787,-0.008707432662120462,0.00860332295010433,0.0011167527447455416,0.047824257344778465,-5.5425755759647144e-05,0.00840890877275191,0.002853199740283835,0.045587343330160957,0.15665241683317993,0.18952178026188496,0.006053770237327614,0.009492762888834437,0.0354100618564641,0.19421689024664118
0.008402889385573306,0.07611437187049314,-0.0016142250735978574,0.07002581512891408,-0.00612344866018999,0.11436226556923401,-0.008718215821087394,0.009541569142701878,0.0013666382503270125,0.042466293528944155,-4.936427374943597e-05,0.008762313060413973,0.001817319477224022,0.0475663749597911,0.15939737546484406,0.19328911808175564,0.006061873879733509,0.009546564717580355,0.05281500759528186,0.19896229852735783
0.00853153961207452,0.07774053532740255,-0.001502670617860342,0.07168135692376036,-0.008731260822962827,0.11966036451268813,-0.00971796092158469,0.009858921374474161,-0.004516043766888078,0.05802270634671913,-5.4521007923968856e-05,0.009069426106629641,0.0016748383395213673,0.04965570335781669,0.1621261903216651,0.19618570095132376,0.006066971329994187,0.009612806230403625,0.03973487031181667,0.20365186657120127
0.008831539313465291,0.07963906865267802,-0.0011792031210139855,0.0735370487966741,-0.00933263486770386,0.12508164172468894,-0.01158220143194053,0.008762524057776689,0.0005052347715789329,0.06243730844528772,-2.0901054539224084e-05,0.0095421781317373,0.0016213180363285895,0.05148574482838714,0.164837280457584,0.2025251251198063,0.006074059174826633,0.009678731205628312,0.05625981182899848,0.20828353042051306
0.008531739822960535,0.08162370840988196,-0.0015275714192097573,0.0755890190274289,-0.009033846654311395,0.128568874442343,-0.011765082546544126,0.009449537432909272,0.0014858449718916367,0.056220073235609846,1.9838397314619893e-06,0.010157503122171008,0.0012375844944341186,0.05466021700991458,0.1675291883344455,0.20335161274508542,0.006081959271629342,0.009742077151830545,0.05991338006997973,0.21285547895863421
0.008800882005104177,0.08326491663553545,-0.0011065561091081217,0.07737564400731424,-0.008608565493469778,0.13293654749786254,-0.010072559003329429,0.011473708165779584,-0.002554042488705388,0.03646242297660329,0.00018025911858365884,0.01090970219086873,0.0006992760986966606,0.05487497759643914,0.17020057735072314,0.21096391649249993,0.006088409398617157,0.009829660534983634,0.07181216696639124,0.21736613922745512
0.008675342560149277,0.08695378869861271,-0.0012547397787258108,0.08100119497705344,-0.010268286265521231,0.13738882338687808,-0.011457806859301822,0.011837308651789868,-0.0011701092627904863,0.04931892156575479,0.00017642741952025864,0.011485278645389951,0.00028526281026841627,0.057289354117239316,0.17285022856088586,0.2154725821835469,0.006094378237140176,0.00989297065637345,0.07701160061502044,0.221814162014498
0.009235040250942328,0.0887188995138395,-0.0006898290423465042,0.0828177303469258,-0.011273845045011832,0.13929461516257535,-0.01305502961440943,0.012052661851596114,0.0011143226594251265,0.06273908239053161,0.00011420716551882593,0.01190905316773505,0.0004730479555071221,0.06119951965975065,0.17547703651497357,0.21830736191616015,0.006098531412357097,0.009944080562811158,0.09742890237987027,0.22619840777623113
0.009128930752469448,0.09078159159863655,-0.0008570912481361669,0.08490301900812101,-0.009871654351795156,0.14702317270080156,-0.012972964335381754,0.012777218818607161,-0.009385688694312222,0.05271826359769971,8.712787301889957e-05,0.012434425999968801,0.0010513852964209591,0.06028644644086853,0.1780800042525751,0.2249781021685577,0.006104691411054174,0.01000144885792471,0.09850104374998242,0.2305179329526947
0.009266135373652288,0.09197796592804704,-0.0008455538711150679,0.08602699754208556,-0.008650546264135084,0.15488093065859587,-0.013278178481773461,0.012623230526203445,-0.0027505658664470634,0.06999061656613359,6.267613414653872e-05,0.012910201723283277,0.0014256715607092463,0.06464586073118431,0.18065823757101304,0.22858603824248075,0.006111779255253912,0.010070798786432928,0.07402066345750044,0.2347719767179706
0.009203560864146556,0.09406269320884514,-0.0009669007807629089,0.08812556096781199,-0.008301809376147107,0.16092379037640137,-0.01259090060743473,0.013170955764958515,0.004129429586571254,0.0843932768791964,0.00012061699919019286,0.013376757021507979,0.0015839843747117999,0.06807201901928475,0.1832109387444107,0.23550264795169604,0.006117779524725313,0.010153404398370614,0.0767583181353723,0.23895994820151778
0.009105912972371889,0.09664112136885512,-0.0010732169698406315,0.09062379196748718,-0.006630959731780406,0.16636478887883888,-0.01224290209665534,0.013748147133659138,-0.005534816353209182,0.06824118161585413,0.00013081326076425093,0.013876708557125195,0.0009793954038296304,0.06685705927187885,0.18573739989673094,0.2416642198335013,0.006122031048091908,0.010231003323713888,0.08806683878511085,0.2430814142068883
0.009574876177965107,0.09933300611994084,-0.0006399569252670337,0.09338081866471944,-0.00665208761894398,0.17022969931137166,-0.012953396794241623,0.013769800260798026,0.015284407738459627,0.02165902336724712,0.00010491792132305555,0.014361054819789998,0.0006004844993230674,0.07128568076075925,0.18823699623218415,0.24642590581658425,0.00612149245817443,0.010297291382256166,0.07974663427016118,0.24713608744679438
0.009604062574183326,0.10089477147119602,-0.0005676554918660655,0.09498451948501031,-0.009816618792489518,0.1717859316319703,-0.013380784855892992,0.013571164626569765,0.00016752105758255365,0.04515859650740928,4.3670365124814925e-05,0.014731377008441737,0.00041247525817481034,0.07422774402403803,0.19070917930814066,0.2504872033126864,0.00612218723305577,0.010375609627376287,0.0781769809119802,0.2511238153068409
0.009735244100548768,0.10418906580112271,-0.0005140748847245625,0.09812485279314068,-0.008794040512474899,0.17891546093283583,-0.01396848940486437,0.01300048979027607,-0.0041738898104470845,0.047107418055091665,0.00019504802465378224,0.015313209719082677,0.000680377177669611,0.076819021162401,0.19315347050683737,0.2550472603201761,0.006125973367747686,0.010443480852112655,0.07805422214624518,0.2550445691444361
0.009408155958336868,0.10757564554609024,-0.0008093514880223012,0.10145379290310937,-0.005184473240016141,0.18269396153718098,-0.014181264772979374,0.011981229480344824,-0.006816645170829583,0.059337456534894195,3.594570400095032e-05,0.01578623573739346,0.001066472253277384,0.07808365162252717,0.19556945482926782,0.2624813307014147,0.006128165781991258,0.010516836704186799,0.08087009736157717,0.2588984341243577
0.009715277231283865,0.11048820232379063,-0.0004581116400002843,0.10444472983434647,-0.004925458496903623,0.1872100885601291,-0.015482313003518256,0.010125233880968166,-0.004537217475005129,0.08014343775679111,6.127501888184006e-05,0.015949943625952256,0.0007968152911981552,0.08412071878792013,0.1979567751020693,0.2645943234608704,0.0061250616223286316,0.010577368813119402,0.07977534193736364,0.2626855995881432
0.009940685239523617,0.11318457961339848,-0.00010874060411603277,0.10725703708534645,-0.004679983189466608,0.19233961867041738,-0.01604665686254585,0.010210306117619939,-0.006244232445189457,0.059792818384312496,7.025478043570788e-05,0.01672335005786918,-0.0005273802723848031,0.08435494051078174,0.20031512665830487,0.2711975666435155,0.00612375099890743,0.010634851573773751,0.07104683438288066,0.26640634995080975
0.010003142943843822,0.1177577622159027,-9.230944139232422e-05,0.11191505442134088,-0.00804662506923104,0.1956942360313192,-0.016269286817626915,0.010492143618624406,-0.012120147945685611,0.0961821137046156,7.493445739023552e-05,0.01713303241382902,-0.00037781829858543614,0.08451880889426544,0.20264425252671714,0.2735560514404048,0.006125444384570684,0.010689615458251105,0.08226517649399787,0.27006105611534376
0.009833820071577005,0.11915162757740205,-0.00027988392489965326,0.1132254746504591,-0.007648085092091028,0.20050830173186984,-0.015932372457893928,0.011473749194156923,0.0009362987622036911,0.09477851404660576,-1.4729913487110391e-05,0.017625773093303154,-0.00032849546913540917,0.08935327974509436,0.20494393914148465,0.2780181902497414,0.006128093094527214,0.010746922259418593,0.08761852182393604,0.2736501673928675
0.009806756736175638,0.121260082783086,-0.0003628794636363567,0.1153951001413019,-0.008941427755607467,0.20631496994020337,-0.015600723742895905,0.013309787444457776,0.0002459084697846725,0.08289387924659819,-4.802569758502462e-05,0.018074136461516455,0.0004952037257246467,0.08974550545191576,0.20721401256562985,0.2831532457738053,0.006131423582415246,0.010812831582438604,0.09333024223993448,0.27717420391433134
0.009704548463768205,0.12394886619558511,-0.0004972846361620594,0.11807717614475817,-0.007468428982883468,0.21260570330255413,-0.014686605465379688,0.0156512768281607,-0.009760233226600246,0.0632854353760649,0.00011707539161218139,0.01860368394367562,0.00035091974799225656,0.09362530293755691,0.20945433520587875,0.2876364802684413,0.006133073431804446,0.010873944644596744,0.10615016685153508,0.2806337495179531
0.009753303152819848,0.12509970786482363,-0.0004281617916413495,0.11936294870934129,-0.002960126870338975,0.21666962617611896,-0.014506163529827643,0.017106307204380344,0.0018884409616022335,0.09413249174044602,-0.00015307219464899546,0.019280794339723295,0.001028205760334605,0.09401553371352686,0.21166480298482462,0.29366053299574946,0.006132778314834045,0.010946585839493228,0.11492468622145972,0.2840294450953654
0.010008786272057039,0.128371742926914,-0.00015848494217035602,0.12260422542110523,-0.0005285592209529621,0.22058950229443575,-0.014440946630056429,0.017338992600451342,0.0004960028848584042,0.09297845066104549,4.787494119973257e-05,0.020148205295021926,0.0007962965646518272,0.10047662473337551,0.21384534292756732,0.29800555769711945,0.006131634665744843,0.011011225491489352,0.08871413042349582,0.2873619823785111
0.010043463520426264,0.12888115470737307,-0.00011535914046898951,0.12314861800046284,-0.002086524691972347,0.22487277266092764,-0.015792487395260256,0.016278319589839142,-0.0035896337060501438,0.07865622419490759,5.614633765049781e-05,0.02045924434905566,0.0015587782116635307,0.10360152798292918,0.21599591111438643,0.29935217944276804,0.00613032025615159,0.011065378187000685,0.09713661056589556,0.2906320981486818
0.010098065140616608,0.13144683363717496,-7.925648038727487e-06,0.12570593843936553,-0.0019864562252056572,0.2322730197071674,-0.015292318317667886,0.01810598608143671,0.0008649549100299136,0.07481272396868166,0.00010553724476616844,0.021031036387875623,0.00211025177442295,0.10609212952189301,0.2181164909481772,0.30661254806439503,0.006129470908145206,0.011163493029743324,0.0883547076631575,0.29384056884870496
0.010203291937688552,0.13350252705585575,9.843386006049698e-05,0.12777957551242994,0.0008239368161513383,0.23726090343003126,-0.015235466429103528,0.019108506954263017,0.0008404553041359009,0.08067040473167952,6.404050571501285e-05,0.02175270241279148,0.0015539777264150512,0.10718917231037,0.22020709168496067,0.3135503203154018,0.006129242226836581,0.01123526839383241,0.09971872426569217,0.2969882055791117
0.010262520262263021,0.13474169465302563,0.00011833512310437284,0.12903476564696373,0.0030494742882813952,0.2447036606371067,-0.015559878563331908,0.019785481911420367,-0.006408803539943664,0.08277616979004954,2.753155242735117e-05,0.02266360940940615,0.0026607656476165253,0.10921251633080356,0.2222677471773623,0.3205691287245631,0.006125972012521043,0.011316981369866006,0.09584456401696309,0.3000758494591142
0.010479344574412505,0.13748378785036455,0.00036067654152036055,0.13178085608178414,0.004137206975534102,0.25352029990963065,-0.016287804982414965,0.020444425675912294,-0.00010068688387643299,0.10064262999738127,4.5284907222248316e-05,0.023201277232213657,0.0024206727389756433,0.11570121209049139,0.22429851478408855,0.3248897455382633,0.006123882339677431,0.011387273477484399,0.09783894177121256,0.30310436733338325
0.010650783045793295,0.13999455217880252,0.000511878325050218,0.1343457896145915,0.0026316941753929957,0.2632797331097608,-0.015993117342824947,0.022391876217588563,-0.01226180136944821,0.0913972057951794,1.895463835646649e-05,0.023872573601104508,0.0029768017753273868,0.11571243308102519,0.22629947440270512,0.3322852585053175,0.006120832411180224,0.01145753125198415,0.10020027027113357,0.30607464780589877
0.010675818358923212,0.14097031945566543,0.0005385915904939434,0.13531758331405222,0.0028521318003733587,0.2681285940319851,-0.016319631308422778,0.022559260691074744,-0.0031586717157947586,0.06544730948037147,-6.783030121720879e-06,0.024640584757664064,0.003557420562911584,0.12000669386084237,0.22827072758804387,0.3347654107400262,0.006117021408121743,0.0115127759226018,0.09582380576990009,0.3089875975825382
0.010378994074389683,0.1419796817474533,0.0001978314838412057,0.13644321591830155,0.002805486793954204,0.2699800833566226,-0.015484878697623938,0.023004915923942947,-0.00044076300779449795,0.08967198879309657,5.963402792871775e-05,0.0255760641619196,0.0037606362284185457,0.12329696060078768,0.2302123967240115,0.33892836080560906,0.0061135980472617245,0.01156728888253393,0.09706967453629338,0.31184413810453776
0.010218542882864265,0.14471494864879905,-1.175586378955075e-05,0.1392693502462174,0.0047443132428506285,0.2766630334925402,-0.016378532675198187,0.022285595629734166,0.010284684051501736,0.09286745043015332,-8.350794685571539e-05,0.02614968920471883,0.003988997111424641,0.12901010594834778,0.23212462422216845,0.34275971196738647,0.006111772583752094,0.011655591074013798,0.10195992343207126,0.3146452024555066
0.010458571615540056,0.1457783013094666,0.00020163322524429685,0.14033818906009335,0.0042544571248974705,0.28524675055079385,-0.01757301942363061,0.02194201469584437,-0.010214405472381172,0.1253410608609944,-4.980489003461597e-05,0.027212171373376837,0.0034798931449019632,0.13359051766944996,0.23400757172596898,0.3462824314646616,0.006109816003723324,0.01172816998780138,0.11290463521990664,0.31739173252526603
0.010118672069811836,0.14895619040928512,-0.00016933965844410058,0.14334921315439078,0.003022309921393518,0.2890055465064246,-0.017636302430715557,0.022587646641288688,0.0005581860938281835,0.10374156075851171,-0.00011128829947859575,0.02748865371288578,0.003677960871754954,0.13552157713180765,0.23586141930484036,0.3533096476825786,0.006107696413421918,0.011771838384463645,0.10741664877380575,0.3200846764144196
0.010322755989145985,0.15281607643074718,5.410526631576158e-05,0.14716801424560708,0.003949786446487469,0.2946835366146967,-0.01727835479477192,0.02254523602034958,0.005681911573685361,0.12823594227191926,-3.911598115716175e-05,0.028781401195697054,0.004229542079500964,0.13828521563165558,0.23768636462719153,0.3589695143873031,0.006105052694681912,0.011831198467065249,0.09789550098029527,0.32272498606421546
0.010169204771042347,0.15345374967665862,-0.00016862139688476538,0.14776737698180398,0.0052838597420852285,0.3002340514252807,-0.018118227462694557,0.022072500155481994,0.011750526663501404,0.13750337772553922,2.432088347026351e-05,0.02883124600592235,0.004098271011296006,0.14039323298695258,0.2394826221058951,0.36399319811303044,0.0060996142909143895,0.01188652656304488,0.10106298427305181,0.32531361509694406
0.010093234434702445,0.1568231693020759,-0.000257688738545361,0.15113285299825618,0.008719660201743862,0.3072526905791775,-0.01927565119294359,0.02132694619216171,-0.0027536500055873603,0.09796084062933907,-0.00012768832442849876,0.029655848410416574,0.003383477171319982,0.1416864286206159,0.24125042201370642,0.37172063511665493,0.006093524715423503,0.011952393705958984,0.10004154923942407,0.3278515168527953
0.010142053789409636,0.15813237486777326,-0.00016491354214974094,0.15226033415493256,0.01205069513202095,0.31431105959187733,-0.019412318289648144,0.02209743683526852,-0.008140387251040826,0.09857180702017154,-3.788555335840216e-05,0.030238038349702512,0.003437550273341611,0.14442168940736788,0.24299000956943037,0.3755822928541474,0.006089041167939415,0.01201515772168397,0.10050075330424056,0.3303396426097855
0.010121965235558816,0.16080193324418338,-9.46465901115346e-05,0.1549126259230996,0.011661451348405238,0.3197910658068934,-0.01911619640204255,0.022459764295642514,-0.0043435240322948765,0.12265976886461005,-5.6529072127442515e-05,0.030818771667722178,0.003926675361721227,0.14946964628672618,0.24470164399839492,0.3789093551047884,0.0060853480388946115,0.012104695186704265,0.10435006325896695,0.3327789399740523
0.010235831699921356,0.16436247181838715,4.178236779612057e-05,0.15843342439755165,0.009681269547382909,0.3234044239761421,-0.019644043661381082,0.0226278679390092,0.005915720581192274,0.1359055428060323,-0.00012204225534914737,0.032349109327629355,0.003867135466997934,0.15407733126104625,0.24638559757293566,0.38555158093695097,0.006084442987976289,0.012183566436321815,0.11268537403844135,0.33517035142848123
0.010350496170405812,0.1683682737992804,0.0001786217399480962,0.1625202096594772,0.009600619367583718,0.3297076962778589,-0.019462265021572323,0.024153907373359006,0.005269120386559245,0.10129345309395654,-1.798099853667079e-05,0.032362529535610474,0.004635079657005631,0.1610829813706854,0.24804215464014523,0.39029384881205237,0.006083880367365469,0.01224996670760051,0.11378928299678925,0.3375148130282921
0.010039500941569593,0.17004753183287957,-0.0001767379946412788,0.16430051749694688,0.010650409789100479,0.33390007531611365,-0.01945953488460639,0.024320072267249082,0.003284262411612282,0.11163254466472061,-0.00012868438055790854,0.033795088272253526,0.002963364692425946,0.16058753572882595,0.24967161064512314,0.3930897014562258,0.0060816553691539375,0.012317911174835125,0.1111950917306271,0.3398132532328544
0.010439682854466921,0.17052792078706863,0.00031606199998929045,0.16477064099480374,0.010067049994807009,0.33653471104310484,-0.01898490858940194,0.024492554180279374,-0.010723229294080427,0.1164969073491402,-0.00011313894582229422,0.034538866288148506,0.002752531015840498,0.16474166399075563,0.2512742711584072,0.3959120141066951,0.006077951186825743,0.012370229167033679,0.1123375913659135,0.3420665918636277
0.010350122341150531,0.1727201593339546,0.00022399305715807213,0.16689890588575176,0.007828811790188794,0.3386166513069213,-0.020227733675180704,0.023369059803704705,0.000663376601040766,0.13202368954971744,-8.950641715188556e-05,0.03396717917605452,0.0027318186889327967,0.16988870932590389,0.2528504509162354,0.40094589468242176,0.006075552821050086,0.012426375812380907,0.1192793604634024,0.3442757391787191
0.010442182314748763,0.1736951322438771,0.0003632790983961378,0.1678989840670371,0.004937356429763229,0.3422234539428842,-0.020527718015852327,0.023903984020352716,0.004497284240420063,0.13883843792200312,-8.151055066960011e-05,0.03603026844044632,0.0022271315140170167,0.16914369802366236,0.25440047288182427,0.4042753899907221,0.0060733095165565396,0.012507262466427664,0.11929716697320321,0.34644159505513744
0.010089782788157219,0.17557719792797108,2.6636461740088893e-05,0.16973409523886682,0.003718841777779369,0.34466201838665844,-0.019873698514639306,0.024738975424420783,0.0025289943675211868,0.13896824640724947,-8.772850837174273e-05,0.03671451604488096,0.0023540621152209895,0.17698332814398374,0.2559246673350386,0.4082529896595149,0.006069680837731039,0.012561154210507524,0.11879620629553131,0.34856504827037604
0.010040970832853782,0.1771000703365784,-1.4263154403285766e-05,0.1714028450989289,0.005602828629222456,0.34987049591643704,-0.019462199697293424,0.0254260737995513,-0.005347677316297927,0.15164948444856363,-6.089295103889336e-05,0.036625118855131866,0.0021012529827864057,0.17926997342244702,0.2574233709967318,0.41405592054092927,0.006066603433105568,0.012621693222294022,0.11953486221453033,0.3506469758754885
0.009968479658755962,0.18065199978932311,-6.427705319003024e-05,0.1749672619041281,0.005930551390664451,0.35239953352109166,-0.020299787764698384,0.025498657750204344,-0.003560376459885939,0.14273536527909592,7.327569839066239e-06,0.038262621037904454,0.001844290094827894,0.18395823253348415,0.25889692619273846,0.41804960096919935,0.006063399043242757,0.012670285556675183,0.11910728275429536,0.35268824265232906
0.009917362874776101,0.18304848455166245,-0.00017784481020850437,0.177274333570308,0.005501565985461365,0.36174750220734364,-0.021372948382217528,0.025681730934284958,-0.0043290292295676824,0.14921978187339469,-7.454577696575093e-05,0.03935598059233869,0.0013518487491328834,0.18606857277819885,0.26034568006108744,0.4209315725693901,0.006060571671436309,0.0127262842565739,0.11283850284682366,0.3546897006481164
0.009794534089215693,0.1833725665899611,-0.0003002295947479635,0.17757539987038753,0.0054597724202705145,0.36599272442704545,-0.0215586810471755,0.02579111355495824,0.015097187002971024,0.1660217326231892,-0.00017114911157853352,0.03976437039368852,0.001304490668289332,0.19258336044263685,0.2617699838045468,0.426952315006812,0.006057169356073608,0.012788621670218794,0.12252120733181504,0.35665218878093147
0.009713701173329562,0.18473911609358745,-0.00036558050114374185,0.17893729619959609,0.006436771658002938,0.3689093088380433,-0.022131250931954914,0.02541654508540775,0.009647094924631894,0.15893081245505292,-0.00012949845455628717,0.04112491037855737,0.002128228386911485,0.19777440061137122,0.26317019198919644,0.4332158786727723,0.006054803316603158,0.012869083319424825,0.12112380516691255,0.358576532510199
0.010008363525710882,0.18697911879375353,-7.919910287891921e-05,0.18122197093135203,0.008578250034938728,0.3779805837640632,-0.022505564259620258,0.02528200421389501,-0.001494618040438045,0.15254100491943845,2.7120479251463436e-05,0.04196232773663766,0.002562340470884189,0.19653186223530514,0.2645466618884173,0.43904057766345334,0.006052909544986757,0.012940016908462972,0.1208567630852924,0.3604635435666123
0.00947218018358322,0.18870652956873063,-0.000660357160322601,0.18306464001589792,0.0069784055567463366,0.3834687479905644,-0.021849267037799325,0.0257609299844967,-0.006140606100726975,0.13138512049822904,-9.85511429447139e-05,0.04235437158752764,0.0021051122866772853,0.20715403716786987,0.2658997528705512,0.4453204556208774,0.0060514438536801,0.013014451881497831,0.1263566350384349,0.3623140197363464
0.012424377714977689,0.008010823149803425,-0.0007639834737597547,0.0004676080970778002,0.0066610907935540364,-0.0008842797959756066,-0.001525112547577445,-0.00046243122476639085,0.003384660676313489,-0.007570323405747592,-0.00010243013165858739,0.00025244942781643687,0.00033777800173787065,-0.002905345573777973,0.04855452331790842,0.03882685379204803,0.005418302936856651,0.007898609119800636,0.009961847744058118,0.0
0.012070633441609089,0.007915773695547388,-0.0010848565030967417,0.0002412929603665525,0.008659327823706375,-0.008602489279619263,-0.0008613789072932976,-0.0019597301839676894,0.005148208002482946,-0.004373327270407623,-5.2576636432433155e-05,0.0003227002858126049,-0.0003707678779076573,-0.001257627529565486,0.04860519568229209,0.04265839482732793,0.00541645989583678,0.007905444014464262,0.0,0.0
0.011971771396048485,0.008255242950363029,-0.001281979475407884,0.0002326152372106923,0.00509954598363116,-0.009011172049684602,-0.0025819597815072925,-0.0034752994391432424,-0.005322051149295515,0.004193880424419261,2.060364843317619e-05,0.0003364392495228685,-0.0009503857182474873,0.0012103537902108386,0.048767469963694625,0.04255134355371677,0.005414599440751617,0.00790149239477524,0.0,0.0
0.012214183327482489,0.008102444209943027,-0.001114662050421827,2.9902215585313544e-05,0.0031888912766446786,-0.0044724937216436,-0.0017546631820818614,-0.002467718845212219,0.0025180302487106676,0.0034599683321803187,7.469055799216862e-05,0.0003628097628944893,-0.0007393199966959918,0.0011263692465137698,0.049040686509478966,0.04297795661942529,0.005413694851450009,0.007909038518353813,0.0,0.0
0.012169030479884178,0.008359684034078125,-0.0011139909797165514,0.00028545572478294763,0.002550225145248275,-0.00431547429850343,-0.0022478650023547097,-0.0029912454487573737,-0.001752980263765469,0.014093033190037518,4.823922858721019e-06,0.0003542376104826994,-0.0011254580373181444,0.0016352810190239098,0.049423888143599784,0.045722922120424024,0.0054161605569613275,0.007885690940533869,0.0,0.0
0.012746479223719022,0.008793023687935213,-0.0004884951987166979,0.0006612524072358676,0.003849611689737742,-0.006219923525665694,-0.0028406581604426885,-0.0022718122258272968,0.0012191481257619596,0.0001063804263765622,7.960755851010859e-05,0.0003764519425037971,-0.0004598839429059698,-0.0001232744018954124,0.04991583395444795,0.047779380507000306,0.0054209956718277155,0.007879319120060799,0.0,0.0
0.012411387424602578,0.008945049955282862,-0.0007041640990732932,0.0007588742498122348,0.007972499022747437,-0.004588901186620475,-0.002598608954995041,-0.0009640522759362336,0.00100460640238631,0.0018476874019928147,1.0321632671311809e-05,0.0004469564205157317,-0.0018374979143798986,-0.0007347373068067875,0.050515015534784075,0.0467211578323651,0.005424055664301404,0.007891385900096949,0.0009965262245255253,0.0
0.012066971374823422,0.009291141493563724,-0.0008210581315317451,0.0008707314185151388,0.010454652041631318,-0.0030962968956251835,-0.0037277644951085208,-0.0010967927377361296,0.0015238734428176803,0.0035439013656779483,7.156741283204093e-05,0.00048783833002064014,-0.0010027119613158775,0.0012399419400706546,0.05121967456705145,0.04332268073161361,0.005423688211040346,0.007910143052475468,0.008345623188494454,0.0
0.011636200562139846,0.010391538050775913,-0.0011880791611270803,0.0019122849461143156,0.012837575134354795,-0.0011618231779200183,-0.0031210764644039046,-0.00026889646710746005,0.00015397724316590367,0.011902982642195803,9.40650493962969e-05,0.0005691308943375217,-0.0007342324520755172,0.0014016209936583979,0.052027820788395414,0.046989414349503364,0.005422568754986655,0.007911896326341355,0.008574346440204383,0.0
0.011830078135307074,0.011202984298211857,-0.0010386829857966465,0.0029773279180737924,0.0065170108528571635,-0.0008465108797035548,-0.0010238735408873434,0.0019609811707407055,0.0030398885562202826,0.0023489545541170997,-5.6736619826025514e-05,0.0006832027336360902,-0.0018725014550284858,0.0004543623702786548,0.05293724964395363,0.05109777176960199,0.005422884059614409,0.007921924200492926,0.0,0.0
0.011141964698536587,0.01158540199960344,-0.0018075158006797647,0.0035485080979665642,0.004001589899613522,0.004663739752718277,-0.002196565737460221,0.0018224839618913636,-0.008776881070976295,-0.004789476900378009,-0.00013744863672149332,0.0006701720308635029,-0.002610545247485746,0.00240411762717474,0.05394555932320973,0.05222473606809518,0.0054246403319850815,0.007941799514508742,0.0,0.0
0.011087840321455893,0.012455803336757552,-0.0019056109383108893,0.004448022397521612,0.0011845603540707739,0.0036283495346631778,-0.0025843754865620405,7.009836616084231e-05,-0.009594292927297854,-0.00017421548236429274,-0.00012510325568032554,0.0008337931192494707,-0.0019298032222676287,0.002399610906468924,0.055050167298524584,0.05128017104803926,0.005430712377162257,0.00796950672856085,0.019360559185668955,0.0
0.011606033042225454,0.01445156396989812,-0.001302995216890002,0.0061938104736634445,-0.001173323627607692,2.3107246308384788e-05,-0.0023178865644787215,0.0011474634263348381,0.009142548746215895,0.003068280323226036,-0.00012150709578867547,0.0007764691956069214,-0.002809374109814189,0.0038930173404588264,0.05624832682871631,0.05397452920167494,0.005433211591654854,0.00798234805901195,0.007400769826513678,0.0
0.011338022553120674,0.015884497754243134,-0.0017647598187218224,0.007625688928804164,-0.001712109079659907,0.0008883160052879369,-0.0014421798488038929,0.0037782065441543944,-0.0020253930038616197,0.007757536892776029,-3.843549597840057e-05,0.0009695348393233827,-0.002254988440938077,0.002557310238916921,0.05753714403419952,0.058036251898630105,0.005435559342798076,0.00801993202687978,0.007193419888548201,0.0009491952872624999
0.011444646632023726,0.016662577687647034,-0.0017469864462156433,0.008291427081042437,-0.0034928561026132954,0.0025973657137254857,-0.001039750193799449,0.0037167572159306217,0.012032068472690893,0.0029680320113968373,-1.2533234188066844e-05,0.0011937614410902908,-0.0013680507872995407,0.0032445594522834964,0.05891359603292281,0.05989798186171964,0.005435316643191408,0.008028442061038673,0.024644856048067515,0.003973346663244724
0.011732742962910703,0.018449618798167845,-0.0013472482142260957,0.010155920092756223,-0.006337669126976975,0.0064447849133082435,-0.0010359625093414148,0.0033946480028197445,0.003992360159384978,-0.0023352674093453096,1.8065714269793753e-05,0.0012823442012270814,-0.0011439165852705768,0.0033277836372265224,0.06037455028501347,0.05997180348637613,0.0054378730032778,0.008056974777148241,0.008150878304317658,0.007193977755268509
0.011778541171572794,0.01967253585654183,-0.001366223262977851,0.011286943259903058,-0.0026082127224380525,0.01299510107180435,-0.0014159682738681845,0.004678338219165046,0.002166576273199161,0.0016183685119564029,-1.6751421050953397e-05,0.0014292141532087355,-0.000947566046775622,0.005704300560824327,0.06191678485427895,0.06499368745393397,0.005439632911011667,0.00810721951670177,0.011077364139156701,0.01060220175971976
0.01180374071056426,0.02081268790675253,-0.0014369365620662527,0.012186930631087339,0.0002320772255226533,0.016234398816054485,-0.0016422285095482603,0.0037524000623524456,-0.009264756777679128,0.007141567082415534,-3.123145660943738e-05,0.0016275565003138759,-0.0016155261968897883,0.007807436422964997,0.06353700891727876,0.06778549984449168,0.005442429469745022,0.008146587213119984,0.017297281673888897,0.014188831101455808
0.01187307901930259,0.02307957235305274,-0.0014161926794620545,0.01456838434820924,0.0025545648659535125,0.02052458003285129,-0.0014970772483610228,0.0032869711384856393,-0.00108573044595639,-0.0025369994187964817,6.389376920323819e-07,0.0019335227403847188,-0.0015481627224798455,0.00821062139182585,0.06523188266311811,0.07302638226978493,0.005448880154555419,0.008186320922172925,0.016379630162039627,0.01794443424815071
0.012371622816428242,0.024800703113732663,-0.0008855309740790126,0.016056700933260525,0.003081600937862028,0.028466235963318987,-0.0010463387481125853,0.0034563669766678683,-0.001678976865441495,0.0014018692973077895,0.00019292116279814864,0.0020764309973746453,-0.0006588905602140371,0.008965143604219433,0.06699803577604518,0.07325513761271603,0.0054533247162289545,0.008220543618473124,0.0018312406556473943,0.021859391690384415
0.012243595825088901,0.02615631744760618,-0.0009787455435388906,0.017249880363612826,0.0049507151015919515,0.037355234012624194,-0.0014598594871781724,0.002385188083395662,-0.003094248918597886,0.005620644219389015,1.9934847096975128e-05,0.0021191766459153216,-0.0009210768950471682,0.008844472233057676,0.0688320839363127,0.07878744961931981,0.005457965401346759,0.008236747162448748,0.0,0.025923950553154794
0.011630137237284137,0.027700320204719374,-0.0015835912469092158,0.01885693026043621,0.0059267875671817905,0.04053765990814484,0.0007698724588774741,0.004572882114737886,0.0012444477827354694,0.0003328134324508403,0.00020621679388299619,0.00255809143871788,-0.00011594924186775213,0.008656107129431712,0.07073064311116432,0.0808680604117439,0.005464391291539982,0.008287784105149814,0.008539736850967164,0.030128277358704342
0.011704900935420964,0.030295209578459152,-0.0014685811695165068,0.02139354915190826,0.0035626336993657137,0.03647086373715469,5.587992551858711e-06,0.004077987729485544,0.00481025747779551,0.003783986173018561,2.9668148079503576e-05,0.0028157729017993516,-0.0008023001397266527,0.010947867886070606,0.07269034172385387,0.07940992780380472,0.00546945544604558,0.008313091168696718,0.0,0.03446250851911204
0.011656245089152539,0.03197804003239292,-0.0015134391573203166,0.02304170758176657,0.003579394228306887,0.04247272820478276,-0.003048311946456861,0.0029855734177332894,-0.006358881945786488,0.001997976682383218,0.0001525217606323792,0.002966687345469232,-0.001273278505470904,0.012871544601629037,0.07470783100181182,0.08530774821793066,0.005470072136502731,0.008323341376844066,0.0,0.038916798198341984
0.012145991191556444,0.033545798746289504,-0.0010301196796946455,0.024683936189623567,0.0011340148054306276,0.04450102065963191,-0.002723348799535985,0.002763748505792285,-0.01174990133827758,-0.007025575900375447,0.00019266548314858523,0.00325640107337688,-0.0009608075482383516,0.014162835834938436,0.07677979388562965,0.08917061101134713,0.005477776367792336,0.008366918678590726,0.030630414369083,0.04348136324578083
0.012085016864109921,0.0349345448479243,-0.0010376418938686533,0.026156632780992343,0.001892103383167365,0.04379155069224683,-0.002160783658103893,0.002702934108777366,-0.002275249048001804,-0.004065322398530524,0.00020113143489752794,0.0034973668502333854,-0.001201211945481423,0.013012040573272043,0.07890295284796293,0.09369623227971643,0.005484442225671029,0.008397567865263906,0.018972268161947164,0.04814652496529883
0.012271658030616535,0.03652404011996252,-0.0007739329837834139,0.027840442692157068,-0.0008793665045587762,0.046662735746394235,-0.002894111226446572,0.001739383783107007,-0.011467970237479141,0.006847036767717696,-2.0176784395503633e-05,0.0036951648849599117,-0.0006758672256154397,0.0140866574931722,0.0810740768735477,0.09256743772731461,0.005490721580690738,0.008433665069324235,0.032145710068457276,0.05290274754424628
0.012139859697439893,0.038888759475891335,-0.0010767558800112813,0.030468929733394105,-0.004495550936945758,0.04869973267456995,-0.00538917178744488,9.927725778640095e-05,-0.004463029324418333,0.011958042056995799,0.0003488481058709636,0.004089704867488941,0.0002491742644435968,0.01683376422545979,0.08328998773865191,0.0982547181731031,0.005500843682230809,0.008472471937220928,0.030300905534345914,0.05774067302445721
0.012125241089146352,0.04160558806525508,-0.0010542792266909507,0.033481004946137115,-0.003659861453129354,0.04720071576395046,-0.00664694596627311,-0.0007059423474537141,0.001256554895786799,0.012174329367059089,0.00024675225562767467,0.004339681816599494,0.000468838992446291,0.01581695703718078,0.08554756563460104,0.10356518499891464,0.00550865239276048,0.008502342468707999,0.0322083904085339,0.06265115275136705
0.012035601168631897,0.04310506773549823,-0.0012221895640715952,0.034941759618409604,-0.004801003789730807,0.04856198138757328,-0.00689314606411936,-0.0003143503269831149,0.0019115873261931204,0.004146107619249051,9.899444004068947e-05,0.0045338428302601486,0.0005722549354930939,0.019384340982323223,0.087843754117093,0.10862451555910461,0.0055156357004192405,0.008536655836401837,0.04102165698332557,0.06762527528705707
0.012242769083179474,0.04585758395707819,-0.001107196921562732,0.03768523564407795,-0.003439220113020669,0.05206880461964536,-0.007032925308873161,-0.0005607819438084971,0.02086372496219313,0.015492376752103132,-6.765357913152137e-05,0.004507891288514365,-0.00016295744582467409,0.020248302691767722,0.09017556432483886,0.10991329723697506,0.005527579581712251,0.008592459894481309,0.03631369782295889,0.07265439081790386
0.011733701259379208,0.04778155521657955,-0.0014673870221437423,0.039622604876348375,-0.004306564620683018,0.05535274130610146,-0.004371618387453679,0.0009455166718626562,-0.0049046866203499295,0.017730873115588408,9.497336806021939e-05,0.005151782016868722,-0.0005824533651616892,0.020284499304545373,0.09254007838525527,0.11268182179868536,0.005538164384953875,0.008620427500442264,0.029931648578505343,0.07773013212720212
0.011754511582020986,0.04874304904339884,-0.0016197979635521383,0.04066463140147484,-0.005600459198711771,0.0568293567507836,-0.006713736474815601,-0.00036749192293253905,0.0033780951917009583,0.01754798678796443,0.0001206045148323398,0.005518760273113488,-0.001033018290940546,0.02239623921075365,0.09493445190379118,0.11349006661166622,0.005544548385555064,0.0086638805968953,0.02586640065025707,0.08284443223748168
0.01194123748861085,0.05069216525573053,-0.0013255626625062675,0.04246699507154296,-0.006322974059227882,0.058590702541085005,-0.007990974405910766,-0.0013952796695493098,0.00568915451450136,0.021050930144652646,5.2919748237789666e-05,0.00578253694498454,-0.001107064201166491,0.021273304839914436,0.09735591541987375,0.11597013255289129,0.005552426493987391,0.008682142369541457,0.026734307872487942,0.08798953885623642
0.011977251983291443,0.05285221916000088,-0.0012822698649828327,0.044556031781279815,-0.005705528649162739,0.0634712893452487,-0.007667136990782164,0.000759772331763875,0.0007231326652362702,0.025530675153364824,-5.330878263312688e-05,0.005704504456338078,-0.0017150213975015427,0.023562746373907567,0.09980177471868489,0.11686419877133811,0.005558341201456255,0.008721079658148818,0.010327764066467817,0.09315802578253171
0.012070600563071047,0.05531037475577322,-0.0010816385666172317,0.04731497116871396,-0.006795501446033025,0.07086543774355203,-0.007375326057119824,0.0027953797136111903,0.008161163652935066,0.02015256372168195,-1.4042901352429027e-05,0.005972654036297764,0.00023224711048874802,0.023442051648296602,0.1022694099288379,0.12348219351531828,0.005562945535651975,0.008775795250004256,0.0048548414489840664,0.09834280145067612
0.011645037857420926,0.05704761871163075,-0.0015502320606074916,0.04907092120130628,-0.010614578724939427,0.0758981682065889,-0.008036730846678119,0.002739852749994365,0.0044917125966934535,0.02632397578725798,-4.5010283304919296e-05,0.0062252385348801065,-3.3121800004309865e-05,0.0259445576553127,0.10475627342013674,0.128779129711084,0.005567348470222601,0.008832887748757177,0.025912297950674647,0.10353711480112676
0.011989164752475655,0.059425823445007644,-0.0011812675455041902,0.05144924247075823,-0.009440347765843793,0.0836183630304177,-0.008348927978339448,0.004774874657742656,-0.004365870938576766,0.024415979649244135,-3.515601459438966e-05,0.006729607025151352,0.0010360406033286529,0.02896710501400182,0.10725988663936181,0.13338383881179594,0.005572829988072713,0.008885629778039009,0.010362641139984053,0.10873455867841049
0.011532697411830384,0.06251502413913397,-0.0015216747551177762,0.054628443771717265,-0.006862668639645575,0.08826052876695445,-0.008154608353547532,0.005249470667205158,0.0001993846605155003,0.01763727244709412,3.1277763076320575e-05,0.007123594234247355,0.00023835158786270072,0.02918470435503201,0.10977783616928875,0.14052907971148937,0.005578168567642725,0.008931493634290737,0.01392923338116477,0.11392907096148455
0.011801375783311717,0.06583600661399083,-0.001250294849159948,0.05805606281037608,-0.005313202894331015,0.08989583149958325,-0.008944365798113718,0.005757430440617284,0.006816362528019981,0.020991064326217335,4.835443833020592e-05,0.0071524934711080235,-1.2290445306539777e-05,0.031598485701084894,0.11230776944373126,0.14449868051725553,0.005584484907459937,0.009001015816991746,0.023870481445065508,0.11911493363407
0.01185701185046685,0.06879797554186562,-0.001245515499375913,0.06054582796376292,-0.005221438745024676,0.090928725192575,-0.00893019274892488,0.0045088772114647456,0.0017848618410439832,0.028966684309608026,5.178548636081137e-05,0.0075490927316061995,-0.00016598434475528778,0.03334077012559866,0.11484739067715996,0.1475055305582162,0.005593249964966915,0.009060403745341308,0.02342657555591969,0.12428677000150148
0.011648589779742927,0.07154605553557213,-0.001553432228528842,0.06350042803262974,-0.0043557330814718576,0.0933744523339477,-0.008242620341496153,0.005490353969310446,-0.006158215337934703,0.04452307843711267,-5.466566587150612e-05,0.008345756838642582,-0.0009042831028026888,0.03549835660080755,0.11739445765581591,0.15155645803361184,0.005601699889735368,0.009103766421780079,0.03165994642989932,0.1294395402569918
0.011803837669467823,0.07470693633655312,-0.0013317854109730128,0.06648518208477938,-0.003213402070616933,0.09726561221460162,-0.010011337195144198,0.004473763488784177,-0.0007245205105532726,0.025095127615841206,1.388540383792658e-05,0.008752340665511338,0.0004230126887496133,0.0370673356790647,0.11994678007798192,0.15253211837428632,0.005611146112066072,0.009157107410758952,0.04397741410675263,0.1345685355943426
0.011550423892644403,0.07731275372890532,-0.0017099799412330207,0.06900467022288054,-0.0027417748748028714,0.10347448000714143,-0.009593481166419605,0.00690726470108084,0.00778101417033894,0.02861525800057696,4.237051624750299e-06,0.00920239883087004,-4.629727555410801e-06,0.03537679817837483,0.12250222011095489,0.15631562496114437,0.00561920979533396,0.009208032000323376,0.04490181093757003,0.13966937105644003
0.011531160784413769,0.0799119814324602,-0.0017755137806551684,0.07160048252573459,-0.003872957181179304,0.10753313697216615,-0.00968609022758361,0.007505820769656257,0.017236719757941943,0.028438431139204745,-4.0016190017727604e-05,0.009395075623573113,-5.068391223203572e-05,0.038782054920863285,0.12505869572447473,0.1589776115787192,0.0056269604350244985,0.009264575117113169,0.03515215648151882,0.14473797729974602
0.011271860771646904,0.08178664004720058,-0.0020305568960097796,0.07359342819850921,-0.005879045937519756,0.11188909956569515,-0.00912021608824678,0.008511929458074963,0.005600191298887225,0.04147118143973061,-6.159027855792698e-05,0.009696790670610356,-0.00011846606983811903,0.04165992856644046,0.12761418712194908,0.1652762332596162,0.005630502928535587,0.00930255876446901,0.04888017542489983,0.149770591444775
0.01125656197436119,0.0849257627967697,-0.002073159585342472,0.07677861853655917,-0.007181925041264137,0.11338756575009423,-0.010176263986334777,0.008551189301966656,-0.0019274511938560668,0.020995627828818142,-5.455157940145727e-05,0.010201703915441063,0.0003725567658371953,0.04278994791355445,0.13016674617946894,0.1677767701027039,0.005636746288923454,0.0093723233761045,0.07396769954198658,0.15476374717155275
0.010997407444180284,0.08902341140462011,-0.0022141753148771474,0.08092606038101796,-0.004788399102410246,0.11885482431484595,-0.008199839154403088,0.011367924250630134,0.00722751847100811,0.03347465731584054,-0.00010390324642764459,0.010591013740243849,-4.098298318544469e-05,0.04305835469863603,0.13271450821760727,0.1756772143036597,0.005646520889200951,0.009423859308682623,0.06896692730693964,0.15971426420756285
0.011031740002058817,0.0909691271951679,-0.002167524889430705,0.08291572690116711,0.00032129290520765963,0.12053446735287676,-0.007943079116119934,0.012037612372619123,0.00331171710629119,0.02729775103428822,-0.0001036933438590959,0.011033267911525924,-0.0007252217556188989,0.046354996034421975,0.13525570476370397,0.18180055430541867,0.005653047888577331,0.00948539608826493,0.07424235896226976,0.164619237343946
0.010945175486179588,0.0940681161695506,-0.0022732145101657837,0.08605651056985257,-0.0002981977291152127,0.12674151316095172,-0.007545871794253489,0.012295272990831108,-0.0027051860508386927,0.051805481446527524,-9.524752126355285e-05,0.011029027651990098,-0.0024331199878254994,0.049744608367123216,0.1377886754167923,0.18603019110378669,0.005656800081394922,0.009531893020326053,0.06977814136630071,0.1694760251039375
0.010700307952179976,0.09559375414287202,-0.0025949704645779146,0.08769913640624084,-0.0005738398861934169,0.13097279428185105,-0.007917754300302537,0.011786997445045345,0.002086816095478561,0.05071160477269154,-0.0001168975566504249,0.012021266094125238,-0.0025217801039000842,0.05348922133225681,0.14031187676426815,0.1905096758955518,0.005663556215882441,0.00958830153636291,0.06671138667373684,0.17428223817587954
0.010497684532924361,0.09698174452036026,-0.0028160160109450376,0.08897785945226606,-0.0013186789790218256,0.13671026000475073,-0.009517651559323648,0.01149603730138885,0.009598221130853068,0.026703004435834066,-0.0001504191341723249,0.011720423065608276,-0.0018235790002932573,0.054175801534520396,0.1428238866987368,0.1965683974195854,0.005673808680748682,0.00964175859365751,0.06082794587016275,0.1790357277117874
0.010719376186665118,0.0992238247060429,-0.002732584994691322,0.09108981693132956,-0.0009277565605017024,0.1401836235970677,-0.01053948577166659,0.012280828838664503,0.0032915485504408926,0.04350181361186922,-0.0001524043950746068,0.012564717973030048,-0.0016555192183707879,0.05773714981930578,0.14532340340034589,0.19924641340551774,0.005683901776081339,0.009692155676548719,0.05641060625578784,0.18373457358147804
0.010640821196005509,0.10055750872295047,-0.0026931180481869,0.0924988592310988,0.0012425590987605872,0.14011258571845464,-0.011040885573352532,0.011248993426432508,-0.004331724862888908,0.04994167257725868,-0.00018151367657165407,0.013142898747819598,-0.0011921307373657375,0.060260173582917576,0.14780923938566334,0.20219586625697908,0.005689691322856533,0.009746205636089947,0.057270215552601436,0.188377072661801
0.010693531773604329,0.10272851803947702,-0.0026988544133666834,0.09474372457813927,0.0019182203217902316,0.14397072923794596,-0.012511744708372196,0.010435504776344917,-0.003768105858054316,0.04180843710916782,-0.00014965962317803339,0.013469003154674586,-0.0008697505292849794,0.06210095322378634,0.150280311966897,0.20786128816952804,0.005693792055254871,0.009796276489523064,0.06856823390629299,0.19296172723059593
0.01045810030116233,0.1053991499604047,-0.0027860037050739025,0.09739489855913913,0.0027830470267105056,0.14455007944897558,-0.011236053249365486,0.011582745824771978,0.004244178054832348,0.06127403661348174,-0.00016548388720910578,0.013941294883955457,-0.0008845519425551007,0.06335343210530711,0.15273563191273526,0.21270318212795347,0.005699560782773996,0.009847021944879696,0.06988811349396153,0.19748723352569417
0.010630437537359502,0.10810021843781042,-0.0027554558081875017,0.10009420464259829,0.006774304041603063,0.15417047735875689,-0.009791971863049332,0.012919138995579681,-0.010629569575753006,0.04502164457407454,-8.708961359535361e-05,0.014357307950195741,0.0001924592196392294,0.06599180705188112,0.15517429200348937,0.21983828195075458,0.005706683124174293,0.009922660722975821,0.0591931728413837,0.20195247052060894
0.010882559395213792,0.11067300298387901,-0.0024122724248807105,0.10294584626163408,0.006694911454414809,0.16013783954575644,-0.010995630794463807,0.012205898972862794,-0.0077059226273625825,0.030532393479943742,-0.00016988927679739696,0.014935276294687272,-0.0008990651399255201,0.06791549750272521,0.1575954567021971,0.223709029871265,0.005714246168972166,0.009977608432578083,0.05230576800968021,0.20635648896054815
0.01087309314791575,0.11347890872979002,-0.002306778085686143,0.10584887225573095,0.008646418771295128,0.16316044944639052,-0.011993206273469281,0.012197876621021675,-0.008648876368727132,0.03768400628471047,-0.00013907092838266744,0.015411807624461593,-0.001239230530241331,0.06967802022153041,0.1599983535763364,0.22879844239034058,0.005720510323784591,0.010046281461712553,0.05453842546084759,0.210698500695015
0.011136955644958419,0.11719832355976212,-0.0021044584015095513,0.10950724925729978,0.014249521136165955,0.16425918299262765,-0.011454203754038684,0.01306513534117607,-0.007646912362009761,0.04515446431343906,-0.00018105651669855782,0.01613363651636468,-0.0016944857577434191,0.0747686820428885,0.16238226660418728,0.23746008364210225,0.005725153523717395,0.010115271988307787,0.05785714427392612,0.21497786833655244
0.011396954852601733,0.11965175400983769,-0.001794904591582755,0.11184062672672308,0.012434796200151421,0.17227956174083614,-0.010795574614590542,0.013798936291459252,0.005946507266336942,0.04117274640706581,-4.625377946274045e-05,0.0173072311339868,-0.0018020420120468117,0.0729758519028188,0.16474653117655844,0.2414552226829819,0.005730491802720082,0.010173634491677842,0.0597593128746912,0.21919409526910152
0.011607763385981164,0.12270074262983105,-0.001532883942779879,0.11482729181623749,0.006630380615817888,0.17680129875577322,-0.011027616893705617,0.014708722397492612,0.007983043519450783,0.07340466551217006,-6.810801105083808e-05,0.01786405270932201,-0.0015213873880547402,0.07465662101642936,0.16709053045517475,0.24796213359601502,0.005735494619280103,0.010271378501551374,0.06343542013237591,0.22334681602397632
0.011460112848921662,0.12488089182485353,-0.001775477431048212,0.11707661051767143,0.006361792360565222,0.177827032527611,-0.010562753214414466,0.015448109354656825,0.0006664781814157417,0.04707484839703968,-6.506281857249219e-06,0.01838854058680961,-0.0008321957197932051,0.07922611918318928,0.16941369272338516,0.25673246363942914,0.005740652333762319,0.010324342638065443,0.048560637482924024,0.2274357870365548
0.011044357931305707,0.12839132901830855,-0.002166369655477488,0.12050115122225295,0.004512897115714898,0.1800656278604753,-0.011507882833102256,0.015262133172581193,0.006052584006606798,0.06032176614548135,2.1846263903502194e-05,0.01905015441436464,-0.0005848479466873113,0.08071073236937373,0.17171548940668016,0.25982760130005383,0.005743826306434491,0.010402727304166888,0.07073503882336332,0.2314608777924531
0.011060569774171858,0.13148593740946174,-0.002173777907728979,0.12349293755356713,0.0009368470363870784,0.188129375154656,-0.012148751519479261,0.01685947579956454,0.00449821319403354,0.05142196974385127,-0.00010679950247252656,0.019638696141327516,0.00038158579076419397,0.08547804328455141,0.173995433507695,0.26350889333291466,0.005745578128327236,0.010482865667018632,0.0725791665874297,0.23542206236811886
0.010914311693595007,0.13253943024877282,-0.002350996199486092,0.1246001052805567,0.003780460337274194,0.19442427119921835,-0.01267026501770654,0.01560034536810313,0.005723973608999566,0.09030238651413713,-0.00016283404573030902,0.020049442021036423,-9.15932772609096e-05,0.08954193355579762,0.1762530782688574,0.2692060575579464,0.005749049319719967,0.010555630139535536,0.07544144599575547,0.2393194113674283
0.010891250214723392,0.13620268693877846,-0.0023550459918540902,0.12824765634729468,0.005094519012507348,0.19905111057361147,-0.01326465338797026,0.015314848622925648,0.013624781898244342,0.0673690075895671,-7.2524765920845e-06,0.02104964266416709,-0.0008767051479140475,0.08905152918631332,0.17848801593538605,0.2753231010269053,0.005753787836964805,0.010616547302309416,0.07537544405850805,0.24315308425297966
0.010948320148451898,0.1388923159096627,-0.0022130462682997693,0.13095881764713113,0.006969218867532989,0.20457165991640114,-0.013221547511572063,0.016010833458383257,-0.010129232703353086,0.09303639701244015,-0.00011828864090179803,0.021081907705870373,-0.0014877039120496927,0.09358057096683453,0.180699876539658,0.2829103570505105,0.005757774803479958,0.010672844435609948,0.06651262323845981,0.24692332206827228
0.010989711605414062,0.14242158629632606,-0.002186930326781326,0.1344429816388121,0.0069990344156425355,0.20978026920703519,-0.013217620388811269,0.016791866517496135,-0.011027315142235317,0.07745764910956121,-0.0001456709826326008,0.022007393067837278,-0.001543217484973991,0.09557823082938452,0.18288832666605784,0.2851297227744261,0.005759139394510616,0.010746226912261993,0.06384181227703556,0.25063044054484795
0.011090221152887004,0.143866662160328,-0.0020096249323719624,0.1358557487938008,0.01020905521037152,0.22062493558702756,-0.013415614475505534,0.016722045363954517,-0.002177851324371094,0.06548581038754586,-4.9046960718696075e-05,0.0224979182463092,-0.0019229980747128006,0.09961656233680041,0.18505306818497824,0.2862004617632429,0.0057595672896759475,0.01081368953235056,0.06783218785949022,0.25427482358668574
0.011278547646873662,0.14712612276096365,-0.0018766273381121933,0.13905068201559354,0.00898451987390736,0.22615877788974714,-0.01461635334210648,0.015838095580365162,-0.002374537303327262,0.08174999409872541,5.558328185623074e-05,0.02348993980098313,-0.002168859597324352,0.09993687768577764,0.18719383696683967,0.2905104810958278,0.005760751895079438,0.010852896847791045,0.08647716050638378,0.2578569171226689
0.011335650292257481,0.15008161235604572,-0.0018871929765771067,0.14209508499065532,0.002828728441344186,0.2346328741831576,-0.01486551862565011,0.017068888915502088,-0.0026873626779542192,0.08713810384000842,0.00010190573821214355,0.023691707253950423,-0.001997038301819465,0.10396887858262358,0.1893104016022972,0.29350603657449476,0.005765312772476925,0.010913191124882635,0.08934974751468357,0.26137722331674523
0.011297067894201403,0.15151097197119584,-0.001892987970830243,0.14365609647202315,0.0026853984313575108,0.2390918178874497,-0.01580372087575871,0.0176431751426397,-0.010287711577469993,0.08970295406088302,0.00020885698122027896,0.024902346408840037,-0.0010730548257717742,0.11085773724882816,0.19140256216317866,0.30021272246180214,0.005769794190022511,0.010983093589819937,0.10437818477275435,0.2648362951244455
0.011525190153752154,0.1553714472110595,-0.0016175505944931515,0.14751340517663716,0.0012276996221869396,0.2449465849359893,-0.014760808952399063,0.01924851994406891,0.001987661459713075,0.08117486673082208,-0.0001208228766393371,0.025752247999886846,-0.0014544180437754406,0.11243616038735574,0.19347014903999624,0.30400183769235084,0.005771884157087496,0.011061422760621168,0.09705140789874697,0.2682347311836905
0.011341150366900506,0.15751367482173462,-0.0017953157781608244,0.14960815779348766,0.0001750803012900981,0.25231608785881154,-0.015036268940206588,0.020160492048487678,-0.004472313324851651,0.09119224662475423,-2.952111047524464e-05,0.026277094118070776,-0.0020602788347882095,0.11653083945956402,0.19551302188620664,0.31101779730515833,0.0057717692321068255,0.011135078224483315,0.08760402883340003,0.27157317102727624
0.011263003185954707,0.15885859309178643,-0.0019103716299071673,0.1511552960889315,0.0016720774393903515,0.25909230147100193,-0.015684438119200016,0.019501222757337306,0.00985967447166125,0.09469980309295423,-0.0001732886186004423,0.027214383440100187,-0.0016584137061206594,0.11774083468033242,0.19753106868744016,0.3176008638823381,0.005771810384605704,0.011208227772600346,0.08242550777855279,0.2748522906040507
0.011482689952027902,0.16103719829996807,-0.0016203760489431236,0.15327000177649955,0.0006832103387213184,0.26531274422976636,-0.01705830967343531,0.01822505025007238,1.3508694546082722e-05,0.10314625406859523,-0.00011499289879268737,0.027183552437309633,-0.0013520976008710717,0.11707154168915726,0.19952420495710776,0.32146953070073014,0.005771353409994222,0.011273287006545049,0.10362277155385236,0.2780727980955722
0.011420923669797516,0.1640066481363305,-0.001772240133749244,0.15641187783061317,0.00041471870825926516,0.27117720326963757,-0.017197144836340404,0.01906642591650599,4.13185046636011e-05,0.09926993089228087,-0.0001723139529143658,0.028428927889179167,-0.0005297873275380283,0.11928155309690724,0.2014923730403876,0.32740602163135785,0.0057731971459720356,0.01133109594185206,0.08673404831178316,0.2812354300149349
0.011672994759240683,0.16752040954512515,-0.0014275377554457888,0.15993983901212397,-0.002154207492531812,0.2735347768515979,-0.01680130351386362,0.02100156700434457,-0.0021478562660897094,0.12406849702948297,-0.00017869986900725943,0.029341907095078223,-0.0008301530281509817,0.12374937461738317,0.20343554148950516,0.32976583471003346,0.005776697866457655,0.01139230042730544,0.08315842912996477,0.2843409475744648
0.011719293969364445,0.17046100296390704,-0.0012983744933810458,0.16281670054944616,-0.005269475127843926,0.27683278240906284,-0.016235297989274144,0.0217160292136216,0.00036765137129957104,0.09325560103132058,-0.00017745907013538842,0.029899020808090482,-0.002284908534966573,0.12656549125931985,0.20535370445772289,0.3322915609922236,0.0057815532654440045,0.011457390065186052,0.08349716981540896,0.2873901333090882
0.01139782023812303,0.17256578933210595,-0.0015993383222800712,0.16481788560367258,-0.008541578081401768,0.2834464309555922,-0.01580498257992462,0.02246291681215503,0.020288298903311408,0.10482320809715429,-0.00019759507155028833,0.030774102123368285,-0.002462283539751059,0.13163839820189133,0.20724688105058575,0.3354669764230825,0.00578687361725912,0.011534294357473432,0.08676058636327053,0.29038378794235514
0.011332816142405243,0.1757830222745078,-0.0016000101338465248,0.16817741018864552,-0.009444239460375758,0.2870576304463689,-0.017025055340501794,0.02143291014314464,0.0013738612402327544,0.08054665352237911,-0.0001713951952036219,0.030980595682271295,-0.0018404322541097085,0.1359603903717405,0.2091151145729039,0.33826003383029396,0.005790150178802341,0.011584247147806991,0.08917999908509654,0.29332272748235483
0.011381142392780125,0.1777412649645092,-0.0014391185311473462,0.170205761634609,-0.012367957284671549,0.28860806616012136,-0.01735448875933926,0.021312444845477962,-0.009531928054329786,0.10166299883881913,-0.00017900450034497029,0.032442827786138384,-0.002376324173482991,0.13971261795369785,0.21095847161939427,0.3423596794985741,0.005793171521529829,0.01164368931395586,0.08997207647707982,0.29620778053505226
0.011495863596821197,0.1800382182015885,-0.0014277060587129988,0.1725918015771197,-0.012185006082916505,0.29656149242004204,-0.016622753084403162,0.02277224262079161,-0.010529939347415418,0.12400169261658134,-0.00013810893563981352,0.03325119524514841,-0.0023801638618564103,0.14420016526208967,0.2127770409747507,0.34746948632680125,0.005795438424316718,0.011702026456584668,0.09542394616275666,0.29903978582292723
0.011367162330243569,0.18046819788209711,-0.0015293406953923606,0.17311734941342474,-0.012512528142069712,0.3037085231684512,-0.01695343761575272,0.022721336573943936,0.002472263173375233,0.09701036869949387,-0.00012592030552699418,0.033536564093956,-0.002097000464447385,0.14375015830042803,0.21457093231235774,0.3548163421974501,0.005797387743015418,0.011754303650303166,0.09302590554266903,0.3018195898971696
0.011146424597354081,0.18245196945328992,-0.001765425751113197,0.17493460920133766,-0.013411673861021045,0.3060929719573441,-0.01858562272767923,0.02140201920653346,0.002110409105419153,0.141871502666976,-0.00014683735972334522,0.03457742533670949,-0.002333242055127527,0.14827667285942375,0.2163402747059605,0.35968214770249,0.0057996511875940985,0.01181982217481432,0.08813095979720273,0.3045480450320953
0.011313974927667916,0.18490542627957324,-0.0016069241179658099,0.1773246622413343,-0.013487030701577085,0.3072749946930504,-0.01868298804383195,0.022298588463222267,0.008276632290829533,0.11932110382452721,-0.0001308288605639807,0.03553467217525186,-0.0029132527060719005,0.15074860792801684,0.2180852149911642,0.36634924395587226,0.005800775507731625,0.011871348344369278,0.09745195346724855,0.30722600729086275
0.011384315214760063,0.188763333246769,-0.00144576821929014,0.18116868862344732,-0.014529691641111953,0.3132943800760303,-0.01704146226076133,0.024112511195071257,0.0025291050918652136,0.1407834536476782,6.990514034946327e-05,0.03603293915186012,-0.0024368558601148838,0.15918410860091434,0.2198059160301792,0.3704423960568313,0.005801473499920905,0.011933820611896006,0.09994806411904393,0.3098543347520202
0.011366438400513573,0.1920470450078462,-0.001432701511304462,0.18441571473809423,-0.013974577317436676,0.3176299482504935,-0.016938811429301058,0.025420521672561952,-0.00417201645299059,0.15849019973491496,-1.7571156144452482e-05,0.03678166974246744,-0.002239789774019091,0.15916588723456637,0.221502554941714,0.3725250934904442,0.005802070706420879,0.012000586769955584,0.10438929696002491,0.31243388588684046
0.011114635335683735,0.1934280493548255,-0.0017093031363536633,0.18590620838954394,-0.012056469681734905,0.3205553908535156,-0.016345716750949202,0.026165771918050345,0.028580364213216747,0.14534828683112822,-0.00014946934888487862,0.03776045867554312,-0.0011895338993710702,0.16279045289838093,0.22317532135801973,0.3736020661413886,0.0058014497907727435,0.012050981132392106,0.10722101044269841,0.31496551807786866
0.01116306954983277,0.19678684708988023,-0.0016368416294806933,0.1892417581164649,-0.009706635217832105,0.3259048365681779,-0.01645863725527984,0.02622955640595485,-0.00753843679485211,0.12529078008569206,-0.00012796400231654403,0.038565567735877604,0.000319876717243206,0.16410385709384964,0.22482441576401052,0.37894834746784917,0.005802965266748976,0.012105881487811339,0.10826983766919365,0.317450086269536
0.011329309513142628,0.19991915335064792,-0.0015135334619151997,0.1921683052585873,-0.007208910228457599,0.3309331364127611,-0.01624404023765974,0.027279315092407747,5.8308035601251085e-05,0.1635957692595561,-0.0001146743201216327,0.03851485475610694,-0.0008756662753386657,0.1709068041963037,0.2264500479613447,0.3831726308451742,0.005805664763616199,0.012176173339695201,0.10980285858972376,0.31988844174215314
0.011513002759257884,0.20273789093678896,-0.001251954193038262,0.1950493091363443,-0.007409582396654013,0.33626425789699477,-0.016758924429012945,0.02748456836986791,0.003149400596731966,0.11150235914165929,-0.00011247344930218062,0.04119139458439469,-0.0003516712896514118,0.1727724639865369,0.22805243568591022,0.38846122036517566,0.005807772447689739,0.01222419359690342,0.09800908885110202,0.322281431001025
0.01154982797654792,0.20451134330020784,-0.001212665894977285,0.19671421418883364,-0.007440171146891439,0.34206258084008545,-0.016695623410311132,0.02835744673207602,-0.0007244891322490954,0.13338842706356968,-0.00013770487965070188,0.04174573891147437,0.00033280523284973107,0.17686749299102758,0.22963180339267936,0.3911981736336387,0.005809952014458538,0.01230001339415691,0.08423189117048671,0.3246298947728551
0.011536950799612943,0.20597070577440596,-0.0012634684309915031,0.19816526433263407,-0.007255636019608325,0.34691609074426066,-0.017123410485184166,0.029611846332156428,0.003985773815745608,0.12694745655534734,-2.1704006241601848e-05,0.04206660226472625,0.000678606804989268,0.17833999628016148,0.23118838120914248,0.3939801221010615,0.0058117244511919595,0.012379811455214551,0.09586142436487655,0.3269346671020403
0.011988620147617108,0.2073120346563817,-0.0007742373014719747,0.19957515671346623,-0.0067606256480645666,0.35157381066952864,-0.01745555960805607,0.029250752597851343,-0.0024347426414341733,0.11935556102997558,-5.469680986708303e-05,0.043804311667464235,0.00074122772939611,0.18391975099412386,0.2327224040485427,0.39934737027411715,0.0058132146452164035,0.012447156733116208,0.10723028118957309,0.3291965745398442
0.012382746908630213,0.20927803120755747,-0.00032736546439886965,0.20162443893006515,-0.006009379288639094,0.3588398008252047,-0.017868084959988585,0.029892406111967817,0.002416578267528835,0.15048432051626082,-5.998773195525775e-05,0.044851868914802306,0.00035250111903326053,0.1866067581907915,0.234234110867282,0.40493431181917866,0.0058144363490891,0.012523641956676832,0.11196889010044672,0.3314164354198462
0.012292865601096381,0.21174058524059972,-0.00034147852194263764,0.20417887523358658,-0.007984811055607999,0.36831364892954377,-0.018450776586723106,0.03103843557669884,-0.00984999828868216,0.14789716000362352,-5.9784088373565636e-05,0.045632114694677206,0.0006339439496113597,0.19037738953500882,0.2357237440470005,0.4083277500307074,0.005816546538072495,0.012593536039846136,0.11213304653432747,0.3335950592134343
0.012070224748759684,0.21366291825679293,-0.0005671397844374832,0.20606683913655816,-0.00823895121293905,0.3767717208804322,-0.020735196552490908,0.030086734036915353,0.011972465436924318,0.13828736494296545,-6.115350623353555e-05,0.04642391443587912,0.0012198724484235868,0.19819957796135387,0.23719154888047853,0.41142691674120613,0.005818527249476606,0.01266008478635252,0.1123777175453664,0.3357332459594798
0.011704553285056757,0.21551679924089964,-0.0008379414301406263,0.20791662710820613,-0.008730965669934365,0.3859505734989157,-0.021836413075850915,0.02957660456489991,-0.0007392474737826227,0.1489362113252467,-0.0001352984157139414,0.047014495261857636,0.0009326435725308668,0.1958308753609521,0.23863777314106535,0.4168705141925179,0.005819234762347973,0.012710638625879669,0.1192875467151511,0.3378317857626792
0.011647348169775269,0.21739347701695433,-0.0009228723941434487,0.2097971111463724,-0.008174478587383183,0.3887088104444919,-0.022564264252440146,0.0295289247008028,0.004262498112943769,0.1490217851250607,-0.00013211102651797257,0.04731486400388807,0.00014991188598190153,0.2034498304974665,0.24006266671716953,0.42085724881876824,0.00581941277575117,0.012768755403325983,0.12000721817101243,0.33989145835538714
0.011299715833333827,0.007810530560799662,-0.0007459575301848893,-0.0003869880944328214,0.008446413241756767,-0.007629525406465332,0.0010173724425480036,0.0009903326421745518,-0.004517458352497616,0.0005660830344119683,-0.00011133503782154164,6.741810916255364e-05,0.001442412713723168,-0.00022060412321603384,0.05820808829030519,0.0413160020223837,0.005773523288958539,0.00788378697169279,0.016354165001387727,0.0
0.011232589946051277,0.007705169754893398,-0.0007607227406126998,-0.00024687944508870827,0.011298465702050287,-0.010142442016615405,0.0022266643308474386,0.002842575009971815,-0.005632360620005272,0.008683014868623773,-0.00012497143598241833,7.263601759899263e-05,0.0007230981675544756,0.00027851063225745043,0.0582772608331848,0.04634778885375972,0.005773876810674646,0.007878852832857004,0.013674538072732815,0.0
0.011334762151044724,0.007898222793300571,-0.0006333829549179659,-0.0002536691617992231,0.009019622524103932,-0.015179080080920171,-0.00135321050343975,-0.0010820363184961602,0.002931982308733261,0.0030006667471076387,1.4572811133234387e-05,0.00017064736621930088,0.0007559565009323255,-0.00205202148644118,0.05846951431743899,0.04356181694069255,0.005772585556746002,0.007882810793365622,0.0046496326402636345,0.0
0.011113491357730869,0.008769813493473083,-0.0007834240624216872,0.0005483732814847205,0.010603134653426327,-0.011737311952107587,-0.0004495254055964404,-0.00034281804346874,-0.001175198353353446,0.010640153184126255,4.019339346494899e-05,0.0001998360344879213,0.00034155268120317217,-0.0019793058680144804,0.05878404630540042,0.04285430582182102,0.005775848463118363,0.007895930693588982,0.01069546142337626,0.0
0.011250614706609721,0.009085761822882819,-0.0005869734593165685,0.0009220787584003961,0.012149496093257328,-0.004486397408469678,-0.0007910614114605586,0.0001724491171059439,-0.0016311924844636394,-0.001104133390600337,-4.478240237174025e-05,0.0002727614464030914,0.0006879837468237726,-0.0016164595861773434,0.059219669511703016,0.0441051470137268,0.005782668193596068,0.007915052597898695,0.0,0.0
0.011234049069095019,0.009232584179962132,-0.0005957101693234157,0.001202999620841914,0.013528370328629524,-0.0047863704295108,-0.00023780903962637988,8.532392452065273e-06,-0.007074620768957818,0.008514539363468687,1.38289876749631e-05,0.00033632479805423277,-0.00037367036058746916,-0.0013466410974625476,0.05977482103360614,0.04397261881359417,0.0057898487518284365,0.007911751716657577,0.004367223597115257,0.0
0.011314765566187955,0.009569241478519754,-0.0005002124933004212,0.0015172268356374759,0.006520134842355807,-0.0070030018384312775,-0.0006050689969907652,-0.00038501431198405544,0.003102127718303649,0.004999958590558906,3.763276317769737e-05,0.00042878817473979147,-0.0006997605975234689,0.002867619625361001,0.060447576889588676,0.0450887846811113,0.005790295176004717,0.007911861053480462,0.0,0.0
0.011292892617507773,0.010260905825434815,-0.0004866895230749308,0.002076750016747916,0.0012526275948530063,-0.0026983291983013746,0.0010118643919000859,-2.8260773105071024e-05,-0.0015745621235718765,-0.0024742973837024174,0.00031426892292613084,0.0004950889587207463,0.00022549460840079472,0.0010848901347926543,0.061235671789934484,0.049000343039232404,0.005787083194300639,0.007925659392722821,0.004839122572177505,0.0
0.01135275559223108,0.010438517258021125,-0.0005774652546071991,0.0021824408960986925,0.004134710329152025,0.0019420416227680093,0.0005991034772489856,-0.0006738713963106102,0.004967257768003663,-0.004346379984282667,6.953062081074823e-05,0.000587844444617569,3.890551467208847e-05,0.0007418701918713855,0.06213652401810136,0.04553175701826067,0.005790105778885569,0.007949258096852896,0.004211962356726991,0.0
0.011148081752309837,0.010965387617442946,-0.0007981292129958413,0.0027688433503610995,0.007642441346156437,0.0033171168858452393,0.0003422989890616068,0.00042814806301597617,-0.0033082798623980114,0.013444751730719018,4.523582612184218e-05,0.0007244119185045861,-8.493467386030962e-05,0.0016687047000487065,0.0631472652158922,0.048944182474804,0.005787281359794844,0.007969710516216717,0.0,0.0
0.011492385663273007,0.011767108985916971,-0.0003780241693123257,0.003793494173637193,0.00941278731150641,0.006034741175365399,0.0011001469234009243,0.0010341810659885598,0.004437807253973469,0.0024699872700916226,0.00011294235506742467,0.0008393061047485828,0.0017214816095044716,0.0024731462330594145,0.0642647746897082,0.05309499189584869,0.005787988230936219,0.007989480547375765,0.022818546203930944,0.0
0.011959675208909774,0.0129175899406184,2.6445344562229384e-05,0.004663181105712306,0.0067679917499636755,0.010311758721445186,0.0014593997254911284,0.0020875868050967304,0.00490249991519609,0.0030341934079667343,5.412880056490654e-05,0.0009616634106313082,0.0008432216637233869,0.004119521873096749,0.06548571754754091,0.05302430790506757,0.005796331672532107,0.008012785103835381,0.01607505207465837,0.0
0.011891130903379283,0.013833037663017278,-4.884631409923963e-05,0.005467169429173023,0.006049212343636201,0.008186054884361527,-0.0002616644805381374,6.744717301974124e-05,0.014178371660843125,0.026511204360547547,7.190342912907766e-05,0.0011473133173915961,0.00020630355449666182,0.0031878327465039435,0.0668065855324619,0.04967483137443729,0.005808613372533996,0.008047497873225323,0.0,0.012475324115018217
0.011926755241474431,0.014460619860689295,-2.9059964962985935e-05,0.005971312661652356,0.008469851988736732,0.009244134682884653,0.00011541305321659534,-0.00032584377126593234,0.000581183475630076,0.004168186018889464,5.593035666356938e-06,0.0013514409375083858,-0.00018517262346470775,0.00444777475532851,0.06822373889955965,0.05023281703657629,0.005811407935352659,0.008053376520575447,0.0,0.01591565177384844
0.011834730108427215,0.01571984723834132,-0.00013116329550026673,0.007143020019244828,0.011033707503049994,0.014062363347797868,-0.0015800114667441246,-0.002845537090712569,0.0029989252686775103,0.018576521075994057,9.867574590732842e-05,0.0016403064179062454,0.0004316056785332867,0.0045186931474997805,0.06973344722300616,0.051733088899331925,0.00581194995710871,0.008065782539344887,0.0,0.019570618910703098
0.01209309656489221,0.017065272642515457,9.740514523731703e-05,0.008587620286942594,0.008208069114371552,0.014905754245911229,-0.00048047069114481866,-0.0017074503097628257,-0.0030325897741121377,0.005116064680068866,-8.719755172470478e-05,0.0017287909513210575,0.0006401584778384373,0.005068524852391565,0.07133192679276747,0.05854433795412848,0.005820682626525815,0.008103706589786045,0.0,0.02342917937264541
0.012229665915671234,0.01872214489879123,0.00015910544070081578,0.010269596941711506,0.010165808949940569,0.01908611315636799,-0.000409996740953078,-0.0005235593699573715,0.004183462726332743,0.0060071857592541855,2.7114761638469265e-06,0.0019987670076959674,0.0004318782175439517,0.006651908062139472,0.07301537241645768,0.06079296912659496,0.005825662761267541,0.008130418716014614,0.0,0.027479970864314616
0.012029243143761248,0.020041069265200565,-0.00010079713915719414,0.011663490067438637,0.004993366571839131,0.02319554393340062,-0.0015889603387901573,-2.9117161963465588e-05,-0.0026696523497924396,0.008357674996898323,3.663672804130047e-05,0.0019389296877239115,-0.0006475960444508877,0.005205029989050619,0.07477998203377566,0.06495721447873344,0.005826377539096187,0.008143167805587097,0.0,0.031711390729919436
0.011881668771057508,0.021298293319855437,-0.00020588298879480396,0.012971839860069332,0.0006018579140116831,0.026638887333505723,-0.002554930241786102,-0.0005544914514670318,0.0009221190665404944,0.026205526312859995,-0.00013402216851468585,0.0024430883917603285,-0.0004121069341519734,0.0070694194336528016,0.07662197349489544,0.06786015530335653,0.005831066850210631,0.008172892312182272,0.015750594758810417,0.036111669770383284
0.012087604356285024,0.023448273336186674,-0.0001264846337108369,0.015173327524441114,-0.005289761752785838,0.027988574060006988,-0.003686199757796249,-0.0007506493432312134,-0.004026711305089359,0.004025877090315655,-0.00016486848783600627,0.0024905659658549517,-0.001383141478889488,0.009157947234615521,0.0785375939482991,0.07063135807915025,0.005837635363188495,0.00821779398414566,0.018565645379903576,0.04066894337007096
0.012133034693599356,0.024800341014742457,-6.997640062456588e-05,0.016613566642411398,-0.004900141594696095,0.03482353428280183,-0.003909080216259342,-0.00041272186717890015,0.005290704536649926,-0.0061413702934529635,-1.75827457790656e-06,0.0026346873614613298,-0.001635738669782505,0.0099088956299897,0.0805231232763129,0.07285157242373344,0.005842378103780829,0.00828146591913042,0.01248508903085763,0.04537131930218555
0.012367927493629065,0.026925468113117492,0.00014357354375765276,0.01868037740581371,-0.006853886542114385,0.03011386321165488,-0.0030585207354838495,0.0003000298269394519,-0.0009468938671979288,-0.0016678665472575904,-0.0001236946846824849,0.002994678345267121,-0.0016780914521067058,0.011653061574423723,0.08257487368831168,0.08167867164169784,0.005844532651052465,0.008318720478797144,0.015957376353684077,0.05020694168083419
0.012097524938455164,0.02818747422688448,-7.803833978680536e-05,0.019919894150474838,-0.008444453972921151,0.034317729048484846,-0.0024288993551611292,0.0014240873665898545,0.005853953920613719,0.009645546470175903,-0.00013962018821858657,0.0031993563305315886,-0.0005033779539123928,0.011743528668012843,0.08468918780394379,0.08424680680994354,0.0058447847008338705,0.008344280207321857,0.031377424427312055,0.055164050628099724
0.012128745296216843,0.029768691393484224,-8.394206411109842e-05,0.021447043139910155,-0.008889045763695869,0.038711428684560456,-0.0035781999463219915,0.0006954404427584326,0.0013916909973066272,0.009757952864368868,-5.2027986572833473e-05,0.003393823529149964,0.00032052963389572753,0.012829993008088236,0.08686243731780081,0.08490461367439772,0.00584503235316446,0.008390429388661613,0.0030019166134201978,0.060231037323678606
0.012030906497098367,0.0322320515016539,-0.00022466893825490164,0.02383489026191484,-0.009425696822439322,0.041388960719029866,-0.003485374010910036,0.0017627959764506928,-0.0016796213066383459,0.007053633609117704,0.00015910397927820785,0.0038457194982547405,0.0004714301616600969,0.015294574512989934,0.08909102372337256,0.08847424612929165,0.0058455849124225264,0.008419769485752973,0.03259761929185901,0.06539649420052268
0.01252421209657243,0.03420559756332947,0.00032447685507570705,0.025779850630954164,-0.006777475279579059,0.04875693833278438,-0.0019848762451804003,0.0045200792084815426,0.000948019478106632,0.0265164864876557,-5.425564554947804e-05,0.00428674831225162,0.00022006209758743123,0.013208915288296152,0.09137138175356449,0.08990124728337456,0.005851880109392631,0.008456062166518334,0.036748668840085784,0.0706492601405887
0.01262542958632418,0.0362011719071888,0.00033397676786454944,0.02785806784249116,-0.007819729310702073,0.05298980846017298,-0.002802638816983183,0.004830643353202935,0.0017462023917753644,0.016186367918947342,7.104104425781355e-06,0.004542511762610668,0.0003604105692686099,0.01203897381238675,0.0936999853682095,0.0957376996559519,0.005853426409981983,0.008490065395409547,0.028550390262479935,0.0759784606087633
0.013182183060891896,0.03879843395828067,0.0009004587300411714,0.03025580178377884,-0.002636193389294439,0.05822159838784957,-0.0022495527497060075,0.004883998701091486,-0.007187200439873198,0.01020558473547517,0.00034131279076948795,0.0047940521787307455,3.1771307446026853e-07,0.01479573909663015,0.09607335547612743,0.10009827330931344,0.005853077228255663,0.008533336768956215,0.03032428763787593,0.08137354273917632
0.012645310289279264,0.04059295979466774,0.00030906529363046095,0.032019804562600056,0.00033963843445694586,0.05867225966429501,-0.002362997358355323,0.005043647001196294,0.003000307178558037,0.01775619533285666,0.00021535047220186398,0.005204367575051827,-0.00024941172426179437,0.01566729857641716,0.09848806825322931,0.10647704759265701,0.005852031593904488,0.008584776651407494,0.0370034887948405,0.08682430545568548
0.012497094090520154,0.042143409062717005,0.00012003078382372828,0.033549534137432654,0.0035252363862283698,0.06242426219721131,-0.0028041346490308206,0.005021179075019466,0.0009801620890842466,0.0152777722103844,-5.448632030377598e-05,0.00567749010721208,0.0013096160559066261,0.019323955662017722,0.10094076294639119,0.11171790930179451,0.005855803375822578,0.008638253836101962,0.043690608203599206,0.09232092476688429
0.013135250095959523,0.04441580378209524,0.0007617492420563723,0.0357236433131196,0.0012086465835507987,0.06476589839457003,-0.004478518716202718,0.003893813959962744,0.011995737298492903,0.006185645811672025,0.00017846584714914515,0.005683232310438213,0.0008159524295780762,0.01897922569015742,0.10342814836587719,0.116096702556547,0.005862604031686094,0.008699993372159664,0.05149747663369681,0.09785397442542786
0.012995474072439506,0.046746714130712734,0.00048439156417869056,0.03806080277367517,-0.0010668073439807912,0.06560607467385116,-0.005232202967914557,0.003726902384921793,-0.004529166925862249,0.006343664122291814,0.0001063527056731628,0.006112025127154586,0.0005948828329727929,0.02033120630438065,0.10594700771917526,0.1206426731950879,0.005870633234333351,0.008733876099691864,0.05711722799602074,0.10341444218191427
0.012970102052738967,0.04992243937361456,0.0005009375126778601,0.04123580870318674,-0.003057046602217506,0.06951950736114476,-0.006473757601136998,0.004204000285185227,-0.0031743076037906715,0.02193033859784599,0.00010250989871268823,0.006878513513225548,-0.0008605615587254645,0.022693677278524366,0.10849420186170809,0.11785761305157313,0.005879303383378008,0.008791337370725497,0.05041265391950424,0.10899374189534372
0.012908529145679287,0.05329053893274174,0.0006083147088875116,0.04460145978393043,-0.0074100617145147485,0.073770136719439,-0.006428859804388875,0.005210748118029007,-0.002731566932644647,0.03026582997315541,-3.074282858470112e-05,0.007188535700623611,-0.0005256376078860148,0.02346131561535969,0.11106667131826635,0.1272980217121807,0.005889039760088737,0.008835888628888806,0.03286259754984105,0.11458372178581422
0.012619149177985718,0.05597494178362175,0.0001782322151986978,0.04726877320821888,-0.0049241411230267484,0.07618835891045239,-0.006934701296624324,0.005463491849059876,-0.004827385667672157,0.03716897909674066,0.00020308053217901745,0.0075216063527489,0.0002824738958638051,0.0230359131532947,0.11366143752773628,0.1309921261721884,0.005894854909079245,0.008859627308419035,0.04222142882285128,0.12017666913123341
0.012605705056826604,0.05824614085756238,0.0002108794244718437,0.049638737115340476,-0.005274969262137663,0.07842676177863805,-0.007757800248642333,0.004921723044129222,-0.006113707514131317,0.012190083417273678,0.00030236732652821896,0.008111830166775302,0.0003491778159031289,0.025477704238676124,0.11627560371863316,0.13417904386874693,0.005898190909447996,0.008886643061402147,0.047668233560637985,0.12576531171916125
0.012802159293220063,0.060894219963183595,0.00042552071661841953,0.05241542214956024,-0.0028534602690091226,0.08411638132593313,-0.007300548251792505,0.005584189829731978,-0.012801767908432238,0.027542394850170515,0.00013500597545318405,0.008773359443301265,0.0003890969563501989,0.026774394323751866,0.11890635570335976,0.13741162722738323,0.005900153744848246,0.00891419643623457,0.03672534443169378,0.13134281636821266
0.01279368146866042,0.06463912528302934,0.00048538944002659255,0.05625254885090012,-0.0018413763962588092,0.08626834567785946,-0.007412474227771193,0.0052312386884603825,0.0013194729568024588,0.022544257481129315,1.1953025086747227e-05,0.009305392707501414,0.000796159505384586,0.028385629756996433,0.12155096274901982,0.14106405890510695,0.00590094779240865,0.008965157356936862,0.023494574986276346,0.13690278483154408
0.012988019882839999,0.06758576318383548,0.0005256572911123015,0.05907227457684695,-0.0007982488740054805,0.09016608550176963,-0.007978505621018062,0.005053449255662523,-0.0003500874367317053,0.025308460236118435,4.7877213498803695e-05,0.009627148518003392,0.001274151011224911,0.028861971789309937,0.12420677858000527,0.14201220107967868,0.005901831213928302,0.009008962522537656,0.0209697251551577,0.1424392473886162
0.012910563133017874,0.07047929761504645,0.00045378614069993377,0.06195113461636338,0.0015946333615806108,0.09409252720634065,-0.008789554322362624,0.005637292634045154,0.002128805971549852,0.02355346288536997,-2.9761945984863036e-05,0.010306376116587357,0.0013836747488359669,0.031094011861718646,0.1268712425033376,0.1461483899681202,0.0059037085724589185,0.00906505510995549,0.019489607300148447,0.1479466544214202
0.012796219539742155,0.07251164937477284,0.00023262297973245666,0.06401606757928627,0.0008296714827065177,0.09991547641609322,-0.00875421792758969,0.006432008224813335,0.012255718249245207,0.02627877442656723,-7.724226989774818e-05,0.010562103001835355,0.001909245954097416,0.0340134026841393,0.12954188061564126,0.1493665831339998,0.005903046777630643,0.009136521667345496,0.02651041339965689,0.15341986625841741
0.01274141388853584,0.07453143154285763,0.00020646426868729112,0.06599479359825895,0.0018460222790945835,0.09831854659719497,-0.010075512593205539,0.00702740136759632,-0.00118134716227547,0.04060070129571758,-6.402573909131126e-06,0.011076625370551985,0.002924769515917941,0.03496036574681055,0.13221630703867543,0.15579821834995022,0.0059066878723335456,0.009178903697353184,0.02408262828049236,0.1588541415542233
0.012708613510203678,0.07690469204474819,4.0001718947975384e-06,0.0681752085932484,-0.004711063081276556,0.10100806115183647,-0.010884196543463698,0.007724310693172887,-0.006793095810004424,0.023207101218048698,-2.0765333273442543e-06,0.011668157139352653,0.002680283878089218,0.038137526888058826,0.13489222512815835,0.15752399357652086,0.005908844419575585,0.009220691063322293,0.033367177618321926,0.1642451244561906
0.01230341330332905,0.07977155328134261,-0.000382010219181465,0.07120064839459544,-0.004727317360453842,0.10490834210909039,-0.011741333258022246,0.00769708751317173,-0.0016249366081710903,0.038586598868619815,-3.3852253260080456e-05,0.01216669336799181,0.0014567225808461148,0.03795779030722951,0.1375674286020905,0.1643239803626322,0.005908011867521564,0.009286803608056123,0.041353741513871264,0.16958883079104375
0.012008115063542334,0.08348302946158642,-0.0006447633069645766,0.07489940349211892,-0.0010729234350808081,0.10383150627983029,-0.010185171361992007,0.01018166435874306,-0.0010167766739193063,0.027793445574552877,-0.00011531858290561581,0.012534442388889011,0.0010833477669144886,0.039209850299370075,0.14023980253764698,0.1713815615002875,0.005907289101410452,0.00933338744616397,0.03467339135097696,0.17488163348607508
0.012325465408542638,0.08578092675932092,-0.00033393284000332243,0.07710111999854313,-0.0006755749397604482,0.1089555315528088,-0.010144859070566536,0.010890583216325956,-0.003751491320135525,0.019726490014183917,7.517018823205435e-05,0.013357419554247296,0.0017945134237127847,0.04061221077351529,0.14290732418991053,0.17875223682764171,0.005908951085142547,0.00940204159703008,0.03736453159352745,0.18012024742052515
0.012556343791020438,0.08805552357904274,-0.00015008776146545853,0.07933787024015497,-0.0013846251971720847,0.11739381107392721,-0.009467216726697203,0.012232677527345859,0.004049420266291515,0.022923423328174097,1.0151859907797656e-05,0.013799933111150686,0.0010972147650456787,0.043112846573830355,0.1455680635918242,0.1835074325085471,0.005912305230953401,0.00946220222336726,0.04201875192424424,0.18530171388399402
0.012313136113037625,0.09114696793410289,-0.000316937870258497,0.08258182868893127,-2.075330488127136e-06,0.12037425188292916,-0.010474303729163147,0.011649070744128931,0.006661659029690292,0.032801981664996815,0.00015698186832874272,0.014632073512317767,0.00038975298887014564,0.04616746600826532,0.14822018390303118,0.19101110832470602,0.005914084715793196,0.00954017605582889,0.048029806838529844,0.19042338480034973
0.01229505164064954,0.09309179381327409,-0.0003152514972549307,0.08450502997274671,0.0017208739897620617,0.12340983464624755,-0.012387829486721347,0.009134943605319856,-0.0130926458950813,0.030702515066699854,2.3989091794157646e-05,0.014859815747315541,0.0011742501112308457,0.05018295807779444,0.1508619414853551,0.19517399444479464,0.0059131268657944555,0.009603273974182994,0.05804225902001999,0.19548290685782055
0.012085078441177665,0.09550186436266965,-0.00047342070818717427,0.08712835622347422,-0.0020167245718754057,0.13135974302853004,-0.011952179165736144,0.01065955607218384,0.0002243055489730139,0.04827919457955443,0.00017011201353916983,0.015918748716940434,0.0017403582380230709,0.05070557906173476,0.15349168569364566,0.19675840367725161,0.005910035156528705,0.009666535601969018,0.06607376829229795,0.20047820566899757
0.012282018792298385,0.09805889039572593,-0.00032438550096520677,0.08959238274819205,-0.006497280010834494,0.13906892363954348,-0.012479441165785376,0.011515687532851138,-0.0020477701587202635,0.054676132302032165,0.00013740965076286527,0.01672339730618233,0.002553408107596161,0.05528385282474804,0.15610785838140864,0.20434350974587823,0.005909656828928029,0.009710675854917724,0.059902130372498384,0.20540747006841387
0.012514102468190815,0.10086950168300793,-0.00022362072421055687,0.09247667742367593,-0.007010447953943011,0.14248739741350502,-0.012798206480242168,0.012159515548814902,0.002095982754102166,0.04443231940708903,9.877765788493531e-05,0.01737867348776556,0.00044747644537720954,0.05542896816994161,0.1587089931299676,0.20780266389215937,0.005909223639983677,0.009768839817273415,0.06728652269186487,0.2102691366403477
0.012645629349168058,0.10245277840556474,-0.00019658553617782695,0.09413996597264805,-0.00787913143850405,0.14448430169587922,-0.01299025627889796,0.012912573520110892,0.002648159837110753,0.05493536648514219,0.00011088965733938028,0.018044661380183902,6.577447851890961e-05,0.06103590921551505,0.1612937142170696,0.21075190000441074,0.005906857839647022,0.00981988296440082,0.08878077477562571,0.21506187455554002
0.012443459211455041,0.10482136534371572,-0.00044396970490246865,0.09657371277715276,-0.004835759313474464,0.1473085590523071,-0.013221218673360957,0.012091933481165973,-0.004237325764999023,0.06339051836245413,6.74529745311736e-05,0.018682789924146292,0.0012793762172193246,0.06043974192367457,0.16386073534544282,0.21845871019893232,0.005908105424516533,0.009866518246338227,0.08921797930160888,0.21978457078266647
0.012433152053811965,0.10701663312486266,-0.0005042631973120031,0.09863959580120524,-0.004340634995056103,0.15074042128029452,-0.013105111629525245,0.011211972185312525,0.0021829174202091517,0.05852005340395827,9.171613659275657e-05,0.019359844150043548,0.0015572778049581515,0.06358007733019885,0.16640885815383197,0.22309674308289879,0.005908225247056796,0.009917306736493714,0.07248882851568107,0.2244363157286745
0.012581277062016956,0.10943088924664175,-0.0001918867549518359,0.10102268411795283,-0.0015055767697640388,0.1575905635827144,-0.011513904242989259,0.012288613659395643,-0.01381265700458445,0.0444010391959635,9.677922115586268e-05,0.020186398167658548,0.0017865976354316249,0.06385263481321221,0.16893697053275883,0.2277053474036613,0.005910159433775568,0.009983315398667748,0.06828795836197651,0.22901638935144628
0.012302507621449101,0.11217704156320972,-0.00045134828668932404,0.10364829576705106,0.00040784621272349497,0.16161941912938205,-0.011180558976176369,0.012840419845342666,-0.0008801438617003221,0.07714790877207611,0.0001658817611197294,0.021090865125746205,0.002389117386295797,0.06696672112115395,0.17144404476519054,0.22767977400097525,0.005911130224833086,0.010039571202070996,0.06194890015747348,0.2335242477786754
0.012472920979591108,0.1149298422140344,-0.0002942833546672602,0.10660218880703295,0.0016233191613115316,0.16416209871832743,-0.013263320133541945,0.011443216656548082,-0.002836733331604835,0.05162127835148966,0.00014401391617768766,0.0219622290397109,0.0013564646852136375,0.0676547260944495,0.17392913550903177,0.23083630913929165,0.005911207878742707,0.010111302281540935,0.061293009116032984,0.237959510458289
0.012229600006516102,0.11703169604750394,-0.0006171774525142726,0.10872477022652367,0.0014935199094523455,0.16935515907010656,-0.01347316318059646,0.01184297365617878,-0.007113479259675426,0.05128913536208635,0.00024002241837206562,0.02273422376592893,0.002003366511423771,0.07315232748645534,0.17639137763451676,0.2396328363913912,0.00591300660591276,0.010186834631883123,0.0625835980666024,0.2423219478581643
0.012078405513542844,0.11871789256475382,-0.0007750336633891523,0.11042835617134471,0.0006111747512627108,0.17245884774601206,-0.013405478449103414,0.012680065419603082,0.0015723779501841673,0.0636391904940018,0.0003157840858443728,0.023088262759578093,0.0024336898492242354,0.07276302672954499,0.17882998392575017,0.24382456104592792,0.005915615812834735,0.010266453029356392,0.07550033621427511,0.24661146972621883
0.012188303802091174,0.12264076959031824,-0.0005331218670931569,0.11426211634164099,0.00373436654226178,0.17763136320555195,-0.014618964728581285,0.011991931929196398,-0.00659490904059612,0.06856082600977698,0.00023596372929796106,0.023580025115060854,0.002190506184758051,0.07744372399546412,0.18124424265236186,0.24844962126283596,0.005916996249657641,0.010316380057003015,0.08568049171250006,0.250828113916133
0.012406571749006884,0.12584272194907847,-0.0003256335114252863,0.11750265376448198,0.003930542555899974,0.18117783700473034,-0.013546919796094714,0.013203323262596222,-0.0009497236073703341,0.05268592471665701,0.0002805828155949819,0.024116108449962814,0.0013313054119762913,0.0781901526612988,0.1836335150149335,0.2532421630683808,0.00591586841214899,0.010386105463137438,0.07352952012797374,0.2549720357789357
0.012386312789539326,0.12793237960321757,-0.00031025846361650185,0.11959853655817211,0.003980499905997137,0.18356782923405457,-0.013708653310667807,0.013777261561355836,-0.003431500895390238,0.07644674415029373,0.00027486950868454985,0.02504025860951886,0.0018987582513604329,0.07982705363513704,0.18599723246684333,0.25928206837678475,0.005916256128904049,0.010461466776137796,0.07803238975085224,0.2590434981163775
0.012408607103500377,0.1301604015606746,-0.00023978080577540493,0.12172156300711716,0.001970644323873616,0.18349875831092088,-0.014311748707998128,0.013789655935671385,-0.0066195300479949815,0.07365753112461726,9.347589299510406e-05,0.025909235626360383,0.00249412263949339,0.08125080065663559,0.18833489391563904,0.25964573020058007,0.005915458731058948,0.010525447090334355,0.08044027376581049,0.2630428616883652
0.012692384825066664,0.13388080595364424,3.721364803950175e-05,0.12529065643668585,0.0019435662863989123,0.19141133285314083,-0.013545263120623796,0.015538933759428119,0.0005033007900527853,0.0688497577004954,0.0001230608451637527,0.02653739788454068,0.002899929531915979,0.08871852063016403,0.1906460628089833,0.2619531993403573,0.005915377174585212,0.010594058783671501,0.07681340011739372,0.2669705762636835
0.01254544738756895,0.13723655505373436,-8.277028231217648e-05,0.12861843616047053,0.002537212347675011,0.19819194090349423,-0.012286963724762923,0.017033101082767056,-0.004749259865286071,0.07986746409724899,5.099352924717304e-05,0.027246777123262733,0.002455463795792784,0.08932527289984696,0.19293036411345868,0.26816342907037044,0.005914870403392067,0.01064966835483473,0.09053218209351938,0.2708271722007225
0.01266937353561804,0.1402762722884121,2.6282640813710123e-05,0.13178843929356238,0.002808652968671055,0.21033428055085102,-0.010631979270255132,0.019617605597946564,-0.003279561101786177,0.07275969671703852,3.588309414215285e-06,0.027902200008589784,0.0017143691628042912,0.09212726405668059,0.19518748119871754,0.27742273412845025,0.0059148030728717734,0.010716525283040556,0.0981232715517419,0.2746132525428888
0.012482074409266925,0.14279393881857777,-0.00014691248047530962,0.13434388957475168,0.003337100399437798,0.216058530385562,-0.012465887380429752,0.018003236647857045,-0.0024843479938920776,0.07575434996837649,8.305763857796578e-06,0.028744544583209963,0.001361827849482855,0.09509411247288507,0.19741715264414786,0.2817823484685178,0.005914728242227822,0.010764414048340625,0.09554387820819081,0.27832948561178433
0.012318582680640221,0.14558945265375672,-0.0001964090854155963,0.1372500997761466,0.0024864286240087186,0.21921493975452044,-0.013824781524972707,0.016386170349949547,-0.0001922034778101267,0.06301549401657047,-3.4750648091247394e-05,0.02968511654063244,0.001618794498054743,0.09746340304672069,0.19961916898985255,0.28249163748072614,0.005913704883580649,0.010828699099987826,0.10181605240210824,0.28197659808000664
0.012416760809085346,0.14750490509082098,-0.00013339605693628645,0.13921541585240035,0.003251179852321595,0.22091928217165613,-0.014100767491450006,0.01589185156145605,-0.008562254062232766,0.07013144802790916,-1.5402835676303628e-05,0.030225728614271752,0.0014857659166625514,0.09839455135984163,0.2017933694577584,0.2894108949237918,0.005911902744591675,0.010902082474439958,0.1027947205998509,0.2855553685045257
0.012457711395293,0.1497703626873067,-8.065298561803734e-05,0.14151338271012837,0.004677217146886292,0.23022609022365303,-0.013717819304713708,0.01800467357069232,-0.0005501740645459385,0.08991673637960163,-6.123394554105599e-05,0.03149343139652072,0.0018665407387467026,0.10511264882496629,0.20393963867161366,0.2955462578518884,0.005912158607320425,0.010974317729086669,0.09005922543441164,0.28906662130099703
0.012085359413266689,0.1526913704473127,-0.0003806189836045859,0.14456019226866754,0.002931238664231728,0.2369827825235007,-0.015453595182420232,0.017781989772203168,0.005933968958507618,0.07349592541130634,-7.916433591242944e-05,0.03192308475854011,0.0016062343570275583,0.1050769249468797,0.2060579034061612,0.29602614928856535,0.005913688630895786,0.011028150148633419,0.09696293361820037,0.2925112211389972
0.011939571670725006,0.15435848674514946,-0.0004575707652371818,0.14623164621185883,5.045717600449251e-05,0.23995155473196772,-0.015946999609111213,0.017609816073473582,-0.0017712891241246087,0.07591359936712361,-4.515852042297208e-05,0.032976555356139414,0.001012528884476227,0.10948293414826663,0.20814812939572871,0.3026511822396967,0.005912669355506436,0.011088065958858417,0.09062456794049498,0.295890067738042
0.01232176816835156,0.156179768753262,-0.0001024029682576734,0.14806033078023276,-0.0012861443857361543,0.24423608780479378,-0.015078786291268676,0.019081378600598886,-0.0007462574348802153,0.06873110572003083,-2.0744866024768882e-05,0.03389847615756936,0.0012691239740161009,0.11432779546255073,0.21021031823087172,0.30695680976796624,0.00591151588013621,0.011148735993442684,0.09124332359096143,0.2992040910442729
0.012450146867970219,0.1585218846622263,-3.549107541472862e-05,0.15042856309496716,-0.0028826405943187527,0.2495725207219175,-0.015307782097839584,0.01895140589192972,-0.003994861589828869,0.10122428930751859,-5.7639674233472826e-05,0.034581180422959656,0.0013904864026215713,0.11481553331893682,0.21224450436873363,0.31217121511089546,0.005912984375186553,0.011208287414304382,0.08936746524401318,0.30245424676789634
0.012632241249777337,0.1603864012642169,0.0001298506772006141,0.15238665660069503,-0.0037982080330729584,0.2541980281951597,-0.01518697412571024,0.019082460477739694,0.0018610064291998407,0.10813141701766382,-7.172943059607917e-05,0.0356926756490763,0.0011957298614431455,0.11956729603906446,0.21425075227874044,0.31430035620112906,0.005915484443017068,0.011270538212634034,0.08589200522066576,0.3056415122617808
0.012822648508821389,0.16291308306564928,0.00033606114099144803,0.15487521135207058,-0.0029333457065032764,0.2621818144010656,-0.015111723624884398,0.020256150849307247,-0.009237477794125759,0.10130884546937646,-0.00011581248423550572,0.03747665497369068,0.000992671659394262,0.1215526938924982,0.21622915374052254,0.3209213870479055,0.005917560053772797,0.01133144342347176,0.08288831585781886,0.308766882722037
0.012715328858753249,0.16438308491337839,0.0001598228195847859,0.1565791743820291,-0.0028122372254775208,0.26861274085452425,-0.01607487477587626,0.020494889164486364,0.015558545431101245,0.1097951004386537,-5.429412338306405e-05,0.038329221019002935,0.00064064331466962,0.12218387893422988,0.21817982530592694,0.32543132302007616,0.0059170733042607435,0.01137988625971294,0.0969887064007712,0.3118313676919203
0.01281816998694834,0.16715572332357992,0.00022339674780514664,0.15935845493592005,-0.0026241295879720905,0.2755495485595746,-0.01591465481224341,0.021614948475934308,-0.0028292450362634725,0.07158980439844265,-5.064587325717684e-05,0.03962043433744,0.0017892452763069444,0.12738669753108664,0.2201029059320275,0.33146839458270916,0.005915805197718586,0.011454916779204873,0.10266118566924343,0.3148359878509676
0.012718345438510734,0.16934460471109702,0.0001449311771257681,0.16150749041333654,-0.000927927480877111,0.28147334610759667,-0.015824236802470526,0.022488274765758653,-0.003946929285429057,0.11739052377058745,3.588328905720917e-05,0.04013181779491881,0.0006948107307873097,0.1311352370658335,0.2219985547874471,0.3355804289986612,0.0059145953985092455,0.011534414800461058,0.11134648976067155,0.31778177207191005
0.012769642812559504,0.17069358640716759,0.00025074294721921277,0.16283156598124612,0.0018885526204521774,0.2832203323799466,-0.01530605184319216,0.023341514322080807,-0.004360964111027155,0.09568885070055477,5.988577110452309e-05,0.04187572644928017,0.0004718890431934242,0.13460527673995362,0.22386694923029204,0.3422863987075951,0.0059116212146819655,0.011591235037690452,0.10883212595386414,0.3206697547285736
0.012517008522299406,0.17278658748243483,-6.974911402677156e-06,0.16479080738498786,0.004836804176460596,0.2874966547334509,-0.0146963217224786,0.02473675485638969,0.0023142983964079544,0.10929263730310834,1.51912617184502e-05,0.04255317675509995,0.0012140190139939278,0.13832102086092568,0.22570828295269202,0.34665039537807757,0.005910077754289067,0.011658319901846449,0.10968374490929873,0.32350097323865845
0.012527262059215054,0.17570007346839706,-6.588734609164378e-05,0.16774348899714975,0.005079213374771241,0.29371240432862067,-0.015195344638691677,0.024512933483424863,-0.00010462343182426892,0.09921823370955374,0.00020323175999842347,0.043258245264181205,0.0016993835673283497,0.13954138337536823,0.22752276428438603,0.353283162276335,0.005908871248075827,0.011722123433860398,0.11534793493927166,0.3262764658260148
0.01260006303157515,0.1774283098244987,-6.015100701473042e-06,0.16947829541914972,0.004617249124224898,0.2979164567446019,-0.015147325373198118,0.0241786176737749,-0.00621169357113649,0.117490923917425,0.0001793885691629138,0.044063647920151494,0.0009031429083211362,0.14658721035398523,0.2293106146459773,0.3567559576319803,0.005908072948417615,0.01179385467730404,0.12370422880952231,0.32899726948773395
0.012309354797749462,0.17778716407868833,-0.00031465000198159336,0.1698786589624858,0.003978724914241338,0.3026119824431923,-0.014637964855265395,0.02551168052141719,0.0018334678221150202,0.10539216634964055,0.0001394576861275254,0.04518641113791144,0.000727116134278144,0.1508761368573033,0.23107206714133602,0.3609136189983489,0.005906613299101727,0.011848457567473845,0.1148931119597644,0.3316644181520992
0.012245195648702136,0.1803294912312732,-0.00036367213103902056,0.17238472276720412,0.0035443218788038244,0.31228276039624236,-0.013873461618456494,0.02703413357770531,-0.0050274072649121315,0.12234499880272742,0.00022829102657714873,0.046222508558245945,0.0005464328402469132,0.1568079103975057,0.2328073652780613,0.3655377943004386,0.005905331378711269,0.011923085764012147,0.1033268451435043,0.3342789410141505
0.012582889643965646,0.18200604205223114,-2.312081746110896e-05,0.17404592087792922,-0.0005099437611155722,0.31860162288244676,-0.014961576529724064,0.026808505307390446,0.004163797922385193,0.1277609866577183,-2.4764732283549806e-05,0.04683540100869554,0.0005547111269168514,0.15885283981420986,0.23451676180482167,0.3703016908701668,0.005904824297171183,0.012006943043906424,0.09929109490532685,0.33684186103631913
0.012541311855542801,0.18418134507615586,-2.7874670516960312e-05,0.17633566863121378,0.0014673072601636417,0.3251900701337195,-0.015357120239194477,0.026726233795372506,-0.01753242440468905,0.0960538211480978,0.00024682132657319333,0.048456084874912486,0.0009898220271661595,0.1596374493395378,0.2362005176546592,0.3781340597248364,0.005904621350603217,0.012080192032296266,0.10107945194615583,0.3393541936022755
0.012481948967520431,0.187922045774178,-7.065979021285244e-05,0.18015926588444292,0.0034079727513345315,0.3317953516812898,-0.01499060737255783,0.026655295258483886,-0.0049321066408085645,0.11750309763869426,0.00016452022717131087,0.04959052239334505,0.0005248028502919944,0.162091926666936,0.23785890098387835,0.3816000493579785,0.005905414440730749,0.012134533332477741,0.09774050434846038,0.3418169453128029
0.0125098941338707,0.190149737646437,5.885490918788872e-07,0.18231021972470857,0.0014293417269737319,0.33835881304656157,-0.01686757730132722,0.025966305098970143,-0.004070537951533337,0.13675642486885864,3.8877592914959846e-05,0.05135925152294507,0.001264661515473886,0.16376034571629253,0.2394921862968454,0.38516628190229,0.005906284611319529,0.012201659677191383,0.10903746095742273,0.3442311129131588
0.012382713574697815,0.1923199574747513,-7.215929875709244e-05,0.1844133132759182,-0.00015169975558837479,0.3439026736554862,-0.01833849289436178,0.026107126981402985,-0.00853088263409485,0.14140899357829007,0.00014464176427889108,0.052085768972498725,0.0015166112066311022,0.16840362983735196,0.24110065364783462,0.3914035757114724,0.005907031258909665,0.012260292775240343,0.12325279727825444,0.3465976823420201
0.012300972796665432,0.19440326348742643,-0.00013976093265705147,0.18664611081761007,-0.0008954715561142468,0.34909718580757376,-0.018736565780642155,0.026975251601079876,0.005349911671409635,0.18904058658793854,0.0001762765112396092,0.053359021484606695,0.0016898318489320385,0.17190274087931887,0.2426845879119076,0.3928960395461777,0.0059081675505003725,0.012336419520637801,0.11352740858705995,0.3489176278926957
0.012502679130968562,0.19663807519187287,0.00010624011882679266,0.18878685981252946,-0.0001315559973200653,0.3551512091672677,-0.018365463864181985,0.02797275949283412,0.006308740324957762,0.15103427645518974,0.00015612183266702773,0.05459202785086581,0.001501036256520455,0.17746840481062398,0.24424427811766664,0.3935931132034081,0.00591093560194386,0.012398689634956746,0.10877741262107155,0.3511919114778898
0.012271577053621616,0.1987595499952659,-0.00015692099267529055,0.191075191535231,-0.00041282577756418526,0.35737138830474524,-0.01863585545463443,0.02792166325872895,-0.01171826427013678,0.1378038039824514,6.204622638397717e-05,0.05553850095657076,0.0012755075753855816,0.1816273092971288,0.24578001683553746,0.3990289332153379,0.005912745171268282,0.01248596221224739,0.1129284764279547,0.3534214819898384
0.01208652075538433,0.2007038973993555,-0.0002944337864570646,0.19293539970397033,0.001613748529164738,0.3616168798068795,-0.01822445742251726,0.027754675821608742,-0.008505108790193727,0.11429706304797216,-7.712039051227526e-06,0.05706761111211822,0.00024729225506534003,0.18328279962773444,0.24729209961600698,0.40183346653273105,0.005915198487895144,0.012558616572075963,0.10110983353590014,0.355607274748175
0.011969324305696284,0.20208351725345153,-0.0005094384724311438,0.1944392881563778,0.0031456091518464735,0.3650195832790366,-0.01793058643265133,0.028876745337594167,-0.00717794267713634,0.11514725247328084,5.8798780631891256e-05,0.05845313960332299,-0.0003741857794625769,0.18811464512199752,0.24878082447293826,0.40996167610781975,0.005918026443065701,0.012624809278858737,0.10567047700688156,0.357750211028384
0.011732912386455671,0.20464622588341608,-0.0007530403864467773,0.19719040322203518,0.004422395973499915,0.3682525543143461,-0.017843912735872068,0.029188954325047894,-0.0009129512465910761,0.13959877801848763,3.756678555555393e-05,0.05945798769096711,-0.00048195569513312386,0.19422318433481556,0.2502464914077122,0.41650807370321546,0.005919736181707948,0.01268054416622029,0.09715897697291928,0.35985119766418067
0.011715360789354737,0.20684003885976268,-0.0007476821929871084,0.19937236652741444,0.003503307115326093,0.3731075429072518,-0.01785019578517415,0.02954274482824029,-0.009415745764236982,0.15670991260757194,-4.3621838894697396e-05,0.06005793465417231,0.00016561337168688461,0.19710494993160835,0.2516894019704987,0.42078722137613617,0.0059202913070991,0.01273279015115348,0.09441669172953285,0.3619111267175995
0.011700080180741222,0.2083409933768432,-0.0008415154072997436,0.20082836120554293,0.004831867865770834,0.37867010299771753,-0.0179943011106067,0.029431371172443977,0.0018524583780882287,0.14513449874041784,1.57056595898597e-05,0.06169402875517238,-0.00015327266224196556,0.20274619214267872,0.25310985885543685,0.4233369105056308,0.0059201635173098165,0.01279006205308976,0.10781345316671079,0.36393087521101447
0.011727259864917114,0.2106185654781871,-0.0008003143560738873,0.20309072882349072,0.0057689517899626175,0.3831216610720052,-0.0179919244600489,0.03013169506756297,0.0016281668868380894,0.13943242951258783,0.00020413338561200978,0.06316189786083926,0.0005637097636084776,0.20409646015820979,0.2545081655269163,0.4256174612956409,0.005921337888015753,0.012865346407045598,0.10025332970439532,0.3659113049157057
0.011679756386892743,0.2128935796938748,-0.0008158618997946687,0.2052994983890017,0.00464052442204177,0.38859615563908634,-0.018783302814290193,0.030119021594077082,-0.006559413555873306,0.16619127729928118,-1.983768202901137e-06,0.06348541939728669,0.00012342608574744673,0.21242497282006234,0.25588462587449284,0.43137731224740006,0.005922413143182576,0.01291695392794334,0.09487176115919099,0.3678532621919738
0.01348024499527889,0.008263735486583521,0.0007695376627775263,-0.0002493735093121955,-0.0032225745719858256,-0.012741021159448751,0.0014590289116508503,-0.0005203822822233306,-0.006275894030974838,-0.008028618492636141,1.862994589529876e-05,0.0002512747174981955,-0.002361910392118055,0.0014691410604349697,0.058839522429458085,0.04735848525385009,0.005540263346560719,0.00790908689878905,0.017717412670649895,0.006230854723213104
0.01390819202174174,0.008083633320652529,0.0011842184382073288,-0.0005647422889147498,-0.006378557239931526,-0.00874440954703748,0.0022624727297768654,-0.00017319958919098655,-0.0035568287667937515,-0.0023636702884495264,5.115841512670638e-05,0.00034972052008874766,-0.0016305406900672115,0.0007297451932431476,0.05905930988690787,0.046162922757610206,0.005542744998028329,0.007940711553518267,0.0,0.006905132014400287
0.01410517074322435,0.008248485132496411,0.0014606812460440828,-0.0004096350164075023,-0.006610900135816111,-0.0027446523994560934,0.0003154517539107893,-0.0018927575934573949,0.001781602352607159,-0.010525272586456413,0.0001272057749817368,0.0004174313988821732,-0.0017727166772366076,0.001068142479218187,0.059393971300680054,0.04898932076293592,0.005544943369902706,0.007941985870788811,0.0,0.007842991691576762
0.014212515325570252,0.008788578493244038,0.0015580356527088411,-9.542437649960774e-05,-0.0063508980980560015,-0.0025478620515246853,-0.0009246911857965668,-0.002216227851883912,-0.0018596030940485342,0.00046749907010057434,1.5527208941212844e-05,0.0005451451453098999,-0.0023061769953799938,0.0008355198176059619,0.05984304913066617,0.04898083093837366,0.005545113465935506,0.0079421507825716,0.009005094081608692,0.009041401818815437
0.01421800051547858,0.009069502153622237,0.001487490083353367,0.000368171132529814,-0.009007064784192886,-0.0018186986074586464,-0.0018245555859438324,-0.0023689012783237096,0.003604061350030996,0.0056114023353496245,4.371070894909623e-05,0.0006271154264937406,-0.0022905687645572714,0.00114828947544926,0.06040583739023012,0.05058335623972198,0.005540802693438583,0.007949471583014268,0.012152784920873953,0.01049647921959305
0.013926956675723376,0.009623717022224436,0.0011075176378913497,0.000926962865496532,-0.011901700037773688,0.0007743358730591954,0.0005523788311845967,-0.0002684466712381539,-0.00018632855917255498,0.013700688080310996,0.00014854797554852972,0.0007316899652927145,-0.0010474388579257143,0.0015238575638583107,0.06108138161442292,0.05108845108422713,0.005540637806385613,0.007943541950226833,0.041872008775981226,0.01220352187356198
0.013645463921524641,0.01058228169027902,0.000837570872839203,0.0019450492824614127,-0.012628777258957724,-0.004822170797441849,-0.0003310127867813262,-0.0013154852403750473,0.0009077066358533781,0.01554111726699503,3.265517921455241e-05,0.0008404599485215547,-0.0013708943229941706,0.002384494048527641,0.06186848024197817,0.050982589605939634,0.005541845210069952,0.007973786445385564,0.03447196893665762,0.014157047749953931
0.013631034942203687,0.012519561875878108,0.00070500030488789,0.003551108812091584,-0.013172717169712467,-0.001445826803451844,-0.0004554919074082453,-0.0004038837245934346,-0.0008261882456070957,0.01899236553784933,9.826199673040881e-05,0.0009580177794493716,-0.0019385834116791012,0.0030833509021833405,0.0627656872214126,0.04863620796892626,0.005536966853088015,0.00797410043173678,0.005090773117249004,0.01635083947380435
0.013535524948859293,0.013511338103411853,0.0006871850260346778,0.004591360895225509,-0.012778331826962974,0.0010962002303027685,0.0006129939617608105,0.0019965463246757855,-0.002026355190956064,0.009928765204314183,0.00012785585654839782,0.0010877083929938802,-0.0013249526039140203,0.0037983741480732136,0.06377131567452425,0.0492470908619676,0.005540698502470381,0.007994195471911334,0.014034332606118525,0.018777994144080146
0.013620027188843158,0.01423694960896418,0.0008471912989499071,0.005163787447205241,-0.015692042322184685,0.006465002300874545,0.0006689653127734619,0.0008785928076605942,-0.0012798743402711033,0.005154712516766802,7.01801706116667e-05,0.001268711057165417,-0.001782167850648192,0.00232008519038035,0.0648834424947503,0.05271798103792707,0.005543095840162625,0.008031445878091018,0.001945664551087586,0.021430977562314317
0.013624249833967553,0.016067454918512313,0.0007419412374140531,0.006766185429109629,-0.01619788157700941,0.009001020241075297,-0.0005900678332585562,-0.0005141789026360977,0.00023000677585971463,-0.008255551954192253,7.785702342058554e-05,0.0013791991325934339,-0.002043427101301898,0.0031702761924765066,0.06609991381975354,0.05622245538854816,0.005539750084530732,0.008048270418484988,0.0,0.0243016820873968
0.014621455072304848,0.01704946846800181,0.0017504366141514044,0.007649675629924036,-0.012835573657510979,0.008706301845149422,0.0010358894251009444,0.0007869443870006099,0.0007380584804437262,-0.004541971437784564,0.0001238274500010017,0.0015539996559753577,-0.001814093982714371,0.002880990452582527,0.06741835139183004,0.059395600779590475,0.005540572280099742,0.008062564549153673,0.0,0.02738148730704582
0.014631081863876669,0.017857415729634035,0.001751961903164071,0.008796588523859202,-0.014760344614802579,0.007022649942583836,-0.000966372990861919,-0.00017797070449893093,-0.0018364194341500273,-0.0029556842152624885,7.031551213645959e-05,0.001676407820326964,-0.0015893099654034348,0.00552952682005417,0.06883615989590455,0.060799715138071524,0.005539656216600998,0.008094402780256079,0.0054293760987393445,0.030661322708910484
0.014770857942127541,0.019282095879733174,0.001808598726031679,0.010007768657385703,-0.011090465938013327,0.00759739583336172,-0.0004926426857445154,0.0009148235389496052,-0.006172955767261401,0.006309710355300369,1.2232688754471033e-05,0.001913870324905531,-0.0020115167245999266,0.0035429008382087124,0.0703505354279683,0.06357049481249415,0.005540689672046045,0.008130056282171729,0.009404153859404105,0.03413173154343585
0.014918653021367238,0.020309841111266817,0.0018079088643663359,0.010841921379980973,-0.0073141319152802975,0.013091043020813542,-0.0011384571675583156,0.0009693396308232405,-0.011479378762633052,0.013809258309495087,-2.7703001993950593e-05,0.002069004106717842,-0.002473792665323632,0.003688059679858524,0.07195847528063397,0.06994710350961998,0.005550728309730652,0.008139260804815364,0.0,0.03778293509528722
0.014814843106550242,0.02131958376824716,0.0016802440400344575,0.011878219891280498,-0.000719770835370781,0.017775604407764156,-0.00016392452719596884,0.001528574609815625,-0.011448689322594685,0.007298826949146742,1.8918104840781602e-05,0.002229461484680173,-0.0032525055588493446,0.006025422474472686,0.07365678922523235,0.06839070827632714,0.005555879014614736,0.008171873112288069,0.006216154932837664,0.04160489661863676
0.014539197997120983,0.022403710229806757,0.001529886006879557,0.012768837298541618,0.003758983194512844,0.02124373636969379,-0.0009149421167934712,0.0006095834717745108,-0.002990575791793626,0.0009265802715375804,2.3335651086670017e-05,0.002448522286299659,-0.0023861259755626474,0.007287419004233964,0.075442112419221,0.07053515684623293,0.005560185207870175,0.008195086090341834,0.028727877769208224,0.0455873842420221
0.01407090709911572,0.023342024935330982,0.0010225522054766994,0.01395807958910585,0.007100789628021742,0.023903754555439027,-0.0013669927465560284,2.348096280884171e-05,-0.008120485540441758,0.005405819809893964,7.65944076998315e-05,0.002705473287582749,-0.0014403721438048245,0.005237198048949898,0.07731091998299174,0.07480132031884684,0.0055609727948154174,0.008234868297628224,0.04429646878344437,0.04972003220866149
0.014212919473410718,0.024593569151721437,0.0010757508866103167,0.015325109075716608,0.00507965857066961,0.030049890122040734,-0.002756236101532161,0.0004723744422822751,-0.007358509826452586,0.008930644857786163,5.752615482707002e-05,0.0029026207765000533,-0.0018914914172341035,0.006890533012351541,0.07925954319038597,0.07719347062235275,0.005567171386229372,0.008263352837490778,0.0416306047656993,0.053992399885814835
0.014435324704475679,0.027044437753894292,0.0015108571326744487,0.01749503781714723,-0.003471238801880494,0.03530670126764601,-0.001705723421839822,0.002109397523017509,-0.005931465191231666,0.005977300981430567,5.534988080774239e-05,0.003155999530358833,-0.0028080764306596673,0.010230178599443779,0.08128418712455575,0.08148826087654762,0.005574831109270733,0.008301000640957361,0.043796027726389096,0.058394028049769536
0.014496961812614147,0.029372841895510836,0.0017233660566187258,0.019776987178950538,-0.001798165253657391,0.0309862075192866,-0.0012914117187506125,0.001585410565835077,-0.005070672580059554,0.0076929230938173054,0.00011109796979316688,0.0034747050960117765,-0.0020171879902213252,0.009086944389806145,0.0833809495826018,0.08343329905093931,0.005575982835387649,0.008349542036726953,0.030789005072780474,0.0629144920291164
0.014279354589120757,0.03133305390935674,0.0016200245940420077,0.02150287093434438,0.0007947587147576485,0.03250086667615992,0.000455134053573869,0.003120762203788252,-0.003111316708066747,0.01649672447315531,4.099990427477995e-05,0.003545313903208447,-0.002195448125856009,0.011084487994084014,0.08554584097499317,0.08245118806728106,0.005577344170304795,0.008355427238080934,0.03700620067122703,0.06754345136612239
0.014102413154486753,0.03235469172277859,0.0013888835615157354,0.022573186948160025,0.0011043192992781226,0.03251265429740591,-0.0004635140593471365,0.0035361252754067428,-0.0025936130014563297,0.012175497380701672,2.245432089020838e-05,0.003913046499889217,-0.0018169215804133554,0.011791210284538306,0.08777480495343622,0.0819912014931242,0.0055820139637763055,0.008415553779945104,0.0162142739600171,0.07227069573233712
0.014222862784563896,0.03372905150399333,0.0016247830481172093,0.023977681423960562,0.00028641838487764026,0.03642741098216029,-0.0020102339546091085,0.0018865816718298678,-0.0021826441562411425,0.0008992482926906131,-3.9792413864203624e-05,0.004144926817439498,-0.0016058002764064716,0.012705755978362904,0.09006373950084179,0.0882825804328764,0.005578903919061693,0.008447082589275578,0.028212997053574884,0.07708618690846133
0.014017184811821182,0.03603270765865667,0.0015418791601979741,0.02635342569060978,0.0032799465949937545,0.038887008745733365,-0.0010693221456517187,0.0025966797892175374,-0.0057377410875791846,0.011484850305932937,-2.485351068370889e-05,0.004501668327522412,-0.0013266679121833047,0.014698171837183166,0.09240851821730711,0.09042507028052917,0.005576997341203107,0.00849329872448632,0.039068563513370194,0.0819800967085794
0.014188749268953608,0.03535193521073289,0.0018300850905138537,0.02605832755486429,0.0022579886467299914,0.040912179703561646,-0.0020969167318014236,0.002592826565664541,-0.0003424779018943447,-0.0003390087021737376,-4.684122216166986e-05,0.004713060917610812,-0.002085308372824224,0.015367970544393567,0.0948050115308584,0.10084402325026863,0.0055799364002495876,0.008524106575120859,0.03864870269185693,0.0869428407939991
0.013813563622922315,0.03694996622367491,0.001547042610288282,0.02763251118836236,-0.0017947935557389716,0.04370080056725256,-0.0023396155969924613,0.0031015090791463584,-0.0023998892364507363,0.012888344560979648,-6.0642596191512466e-05,0.0050628821396248025,-0.0022839063653825875,0.015746509579091822,0.09724910755162373,0.10148174015483985,0.005583989661975427,0.008547992174825892,0.04543045828885075,0.09196510838131106
0.01365055231923112,0.03953290707495996,0.0013955356063077712,0.030093588848550155,-0.0017460491004956946,0.051702951333526315,-0.0021070266011538386,0.00481785561071123,0.006667975556000072,0.005935215263641269,-4.3977795499305916e-05,0.005425727046429296,-0.003047590816672302,0.015331580082986684,0.0997367322754062,0.10356416571684673,0.005588951754588035,0.00859682601576095,0.045848777567192724,0.0970378879022833
0.013758058678421486,0.04121333633477204,0.001406111114950967,0.03188577337355913,-0.0011728734256386542,0.056948874428543794,-0.002358105418132217,0.00412555820486028,0.0029358253456772676,0.041988917174517804,-4.512263056838384e-06,0.00586625460324075,-0.0028234054683195786,0.01605303675907513,0.10226386882742047,0.10425699321617532,0.005595538044030052,0.008618499339608898,0.021366133431125,0.10215248871950125
0.013805344847152463,0.04333939525777225,0.0013472301086744024,0.03391806924890083,-0.0018582708125864933,0.060516818392984506,-0.0038737811990434802,0.0024954050471310053,-0.0018619138239781563,0.0213522586416236,-8.199237242809132e-05,0.006139307829402529,-0.003035610265648969,0.01996141858545855,0.10482657541827073,0.10743306422113733,0.005600054051016481,0.00867109856839354,0.011346722630363848,0.10730055904111221
0.013806392752433342,0.045235712948175716,0.0012107201767644661,0.035829913196211795,-0.002057067997337514,0.061407082278375213,-0.002281110248645535,0.0036126639124379302,-0.007816700486202866,0.03562545715644383,6.0896407400146124e-05,0.00640313072450549,-0.00268857838492631,0.021443208201789132,0.1074210016656382,0.11080200844289151,0.005604239428619517,0.008724296551468306,0.022432686683063773,0.1124741002106972
0.013471046108066844,0.0481575550323973,0.000889473219369925,0.039194418506863296,-0.004129055003582405,0.06332004332449959,-0.002541671252488631,0.003718288695580696,-0.0013956747722798646,0.018904968230958885,6.934589503301836e-05,0.006707253900195775,-0.002341623386871411,0.02081229547639321,0.11004340292955038,0.11322693104806131,0.0056088045620631645,0.008773131315046255,0.029321033610165314,0.1176654775743811
0.013498680805268129,0.05195390751596761,0.0009237681166569412,0.04310893547771984,-0.0049101963644249125,0.0628412865725132,-0.003959057236324759,0.00408834662179024,-5.8627996076143774e-05,0.017089946600233774,0.00015032532989223135,0.006996721207317647,-0.002141043547353366,0.023596123874217695,0.11269015233698763,0.1217173674196116,0.005611228951830941,0.008806743390597766,0.04534323932125678,0.12286742814715514
0.013848122096549061,0.05615700671730931,0.0010851937877826429,0.047253361867941136,-0.009786228798985386,0.059843855997271156,-0.0044571885994567515,0.005628586858609097,0.008522945997883169,0.01422632184182826,5.940573403587224e-05,0.007110570743925182,-0.0019792436591310747,0.023427689970158733,0.11535775025122726,0.1282900007297691,0.0056136682375277965,0.008858186678405038,0.04749699958155775,0.1280730653144527
0.014327087931125575,0.05883839220393592,0.0016357885804772192,0.0502202075031922,-0.01115890309241463,0.057634484940567665,-0.005102962301774805,0.004127729718683026,0.005556028488120313,0.020048334452321237,0.00015685677237026185,0.007720163063470675,-0.0014090575897659496,0.025730744803119543,0.11804283107638387,0.1327191969651701,0.0056210763183115785,0.008915804066169868,0.04150062804138838,0.13327588081381575
0.013745954296911975,0.06086128719238333,0.0008168422587945846,0.05202853632380691,-0.011742230359116812,0.0625168188429821,-0.005584212224536422,0.0037621295702321422,-0.004693442179690699,0.015459045931274451,0.0001390448886869622,0.007980257962289294,-0.0006601336673670577,0.026498997232871052,0.12074216746018661,0.13862282192655637,0.005627655889056775,0.008976750661246377,0.02929908636848593,0.13846974424555655
0.013722556267548904,0.06394946838115255,0.0008997591688646583,0.0548469722119059,-0.012253089360100278,0.0697757062164499,-0.004909805285720781,0.0055240092605444045,0.001230492629758606,0.03105269168836,0.00013384515946404663,0.008431091917231237,-0.0002600286770024496,0.027109699762612044,0.1234526721328215,0.13997011532731204,0.005632849781782583,0.009037911982323439,0.04433287755505623,0.14364890036125477
0.013522817747383974,0.067311611495181,0.0007357828509948813,0.05834540492045082,-0.00855406538755954,0.07631867108290513,-0.005662776616892929,0.006004505263692972,0.008114600691828344,0.02446800150716677,2.3027475869075165e-05,0.008763395205719782,-0.0013210665610860761,0.030269709589630822,0.12617139775753247,0.14276924142177205,0.005637704975731142,0.00907793561516755,0.03767842758179135,0.14880796437528687
0.013639922988285369,0.06904394316685072,0.0009102882803884993,0.06019724918298301,-0.01004581649263514,0.07934924050881653,-0.006060467580740891,0.0067940091127038915,0.004430180353026336,0.024099717907216878,3.530282574745747e-05,0.009189695160445321,-0.0017452375838942769,0.03404841146949927,0.1288955352423328,0.14342647248777038,0.005640423200494479,0.009127306132266203,0.03461034506872821,0.15394191553797174
0.013594454233587535,0.07226500865002412,0.0008128814664345885,0.06341284125006992,-0.004969047739745269,0.08349714978799905,-0.006319903480259193,0.006887101732807055,-0.008487023329280863,0.027010409025923665,0.000167876242066628,0.009936164734602904,-0.00134228361809563,0.033787769316698024,0.13162241096550234,0.14719475436465357,0.005645278315504979,0.00916859087439598,0.025547723622502235,0.15904608919983412
0.013495195101309468,0.07489465472619017,0.0007338064017356725,0.06584583634359108,-0.00484733460116793,0.09078305207622694,-0.006420218503834873,0.007448823271715055,-0.001698283569550485,0.03266783962515807,0.00018418329494351848,0.010528530683065584,-0.0015570607409439163,0.03375844373925349,0.13434948331477303,0.15089740912441957,0.0056510353612826865,0.009227340994841049,0.043183896330581256,0.16411616758548614
0.013696568129480904,0.07716691913159406,0.001019155771834486,0.06797435417449221,-0.0015457390543163196,0.09810689714176912,-0.006417882033825739,0.007933917298329518,-0.007043878746375576,0.029183191381638496,0.00018632016728717393,0.010986626519291276,-0.0021882203368039643,0.038218514195104414,0.1370743388571795,0.15855485831321872,0.005655779361067961,0.009271824188893055,0.06308049085799465,0.16914816948314101
0.013697689614008687,0.07957462675782304,0.0009786122915412046,0.070292523155009,-0.0016833726967762086,0.10093437853426246,-0.00643323252879302,0.0077811051521320725,-0.00283113000707802,0.030300002555753713,8.511072235051209e-05,0.011594140735928904,-0.0026206337868801555,0.040725346868661194,0.13979468837017855,0.16388586743147543,0.005663818360663901,0.009341332418342676,0.050021344100207185,0.1741384390422515
0.013703169010130307,0.0815887419707319,0.0007602802200526275,0.07232820017450532,-0.0033066459700674677,0.10752539246879445,-0.007353049919818932,0.009257203342216802,-0.002826283480155345,0.03626771541971152,6.909606800761803e-05,0.012062801919479837,-0.0020425001223244588,0.041650648002603874,0.14250836289415425,0.1719586713279283,0.005672449232235118,0.009375605972886267,0.05007872291325641,0.17908363385756243
0.013913979199504432,0.08453862443567906,0.0010325485263232188,0.07524307215737874,-0.0012810547179753495,0.10773630749546692,-0.007130799624839213,0.010843270504944779,-0.007158746183542508,0.03022687540049973,-1.3336963742505148e-05,0.01258345988270404,-0.0023866084538528842,0.041769491314492285,0.1452133099204479,0.17602757003449748,0.005676563078281011,0.009430160686151207,0.055109188368332986,0.18398071250332812
0.013909466922077602,0.08684295599167209,0.0011503235934677072,0.07761206173065366,-0.0005288768008311351,0.11371258663501327,-0.007365359960257556,0.011522312364295772,-0.0010239042135746779,0.043246951395547795,-7.829464941913611e-05,0.013148106925986447,-0.0037492361575389155,0.04475683313610912,0.14790758980648905,0.1773920880905194,0.005682602618464962,0.009492020883136668,0.05654627570545538,0.18882692166683385
0.013772920004112111,0.09045943863829209,0.0010773459681167087,0.08124523455079481,-0.000409110392864509,0.11547645273032026,-0.0076031895670430226,0.011246319828936192,0.008946086150887544,0.0364461323044305,-7.502341016663028e-05,0.013677937342114088,-0.0020520962337754467,0.047815755799342496,0.15058937250291038,0.18077729827309788,0.005689268584582108,0.009548036222298504,0.05669509352750912,0.19361978301591984
0.013822888139429994,0.09256079349015953,0.0011911999306276344,0.08344539184235872,0.0047170181967479685,0.11554495391213382,-0.007181146325682675,0.011673093936009914,0.001111193003963562,0.04085518772985142,-1.0032853069719128e-05,0.014046249012401923,-0.003364747321013467,0.04653480473125607,0.1532569346765104,0.18660883047462076,0.0056951245633890995,0.009601396577504803,0.0636209606936298,0.19835707992113516
0.01388079304878883,0.09579257100197919,0.0013322371874668875,0.08693488286593423,0.010138078193917321,0.12156583006354538,-0.00861690650414908,0.009669033502896652,-0.007180809671476052,0.04027527010590859,-3.43460637779458e-05,0.014584757384929703,-0.0030868683330571856,0.049239203403398324,0.1559086573077189,0.1942291292513317,0.00570099615141936,0.009664448587362403,0.048472232375698476,0.20303684413957848
0.013475131518126727,0.09825130815444863,0.0008747756077582755,0.08950391869715885,0.0073606202780409635,0.12884091560350797,-0.010255155677061067,0.008370013143329469,0.001777468498523227,0.03261615955935471,-8.395813969983013e-05,0.01508356689268775,-0.0031736431450173075,0.0508781277294128,0.15854302382410448,0.20028507475282864,0.005707161798527085,0.009712300295671855,0.052948029393421935,0.20765734255456716
0.01310280667146706,0.1008895717462017,0.0005323446229311482,0.09211151871631687,0.00817095913682131,0.13519273910440655,-0.009152356006187568,0.008737307943461569,-0.006441350719528893,0.04447436484219147,-0.00011745318566139251,0.01571932558803535,-0.0035403355508535628,0.05400483072214196,0.1611586187975463,0.20259870359614224,0.0057139336456718546,0.009778366121580707,0.0666408209744917,0.21221706405306023
0.01267979069280953,0.10340236556370794,5.8430141718824116e-05,0.09470375818949209,0.007296810406846932,0.1390652834279391,-0.010234585753710368,0.00873926320298729,-0.00057686463759965,0.03960961261299778,-7.772520721371912e-05,0.01631768100667086,-0.0032286140074642977,0.055148819750882955,0.16375412718011848,0.20861171419093863,0.005718805147506974,0.009830321253350507,0.038012966535532745,0.21671470661135103
0.012222015923829516,0.10681104267317827,-0.0002976405284432302,0.09805134725216466,0.008193426373818147,0.14517092504715579,-0.011948182765934767,0.008846779984300834,0.005150484356834184,0.04377873856265091,-6.750598712290667e-05,0.016830048978533574,-0.0032645394873208333,0.0572301096065424,0.16632833398409352,0.21039705467178968,0.0057193303375356625,0.009895546220369327,0.03717368563600141,0.22114916464893614
0.012483791706228105,0.10951893098521934,-7.727628259580031e-05,0.10094847876564962,0.010924307235997022,0.15120731260749998,-0.012886039431719443,0.00807488365725888,0.01084063696716997,0.030488639630626424,-1.5670698800984706e-05,0.017459050401382292,-0.002954617523564962,0.06127929689636122,0.1688801242308779,0.21465629813118564,0.005718504825694103,0.009944428909264176,0.049336985701213434,0.225519516700704
0.01222506386990661,0.11257014340892693,-0.000429232154630017,0.10386840052081636,0.008052544372411985,0.15456662544826139,-0.01172565030803795,0.009372327427947802,0.00707717142253439,0.07503401551477995,-0.00015489967634182977,0.01806277169522219,-0.0021111880836380548,0.06390814000300413,0.17140848291400718,0.22169169948773676,0.005721840157543616,0.010012075703741772,0.057913697277809206,0.22982501344866305
0.01223116082161517,0.11591341882974332,-0.0004382383315762999,0.10732352093592044,0.00458121067683348,0.1576148008162932,-0.0096636332668398,0.012849181795348464,-0.0036490036441076956,0.0457063861969621,-0.00010852237971425982,0.01888198834208754,-0.0019292097812567688,0.06675674780951177,0.17391249466025538,0.22702478352686017,0.0057256837964593885,0.0101140360336949,0.057521282238776325,0.2340650661463208
0.012196733145688976,0.11908909705774376,-0.000327887626114692,0.11046842497109426,0.0012993148031799073,0.1626632776066268,-0.011651201555507973,0.012450606034398048,0.0051195666059262734,0.06561437733202258,-0.00011644681498221288,0.019548115574217206,-0.0018898322406062928,0.07086698830685262,0.17639134275111096,0.23647866594485115,0.005726630384382988,0.010177526216333367,0.07057617888340247,0.23823923546152498
0.011684808501119553,0.12141085077012205,-0.0007456103101205775,0.11273675429257089,-0.000822659601334097,0.16913796165600048,-0.01282194980709912,0.012983575123167534,-0.0033186896785397657,0.07162018320273433,-8.358654271956034e-05,0.020109852057973554,-0.002205536163749189,0.06943022095040563,0.1788443072014944,0.24350366347546334,0.005729457985874453,0.010226500893994706,0.08194714857011941,0.24234722075704365
0.011768348875667679,0.1239156185600018,-0.0004350961588958091,0.11517506225742943,-0.004174681272144154,0.17589093272077716,-0.013581438678818414,0.01403615599640351,0.002351767122324988,0.05398606007632589,-5.039701403983243e-05,0.020822424722492405,-0.002474989658097393,0.0729111568776026,0.18127076168897957,0.24511270550735503,0.0057342029349852575,0.010299067754324421,0.07554273849444056,0.24638884982235337
0.011942232269372428,0.12655542016168314,-0.0002860206121716065,0.11776765918445867,-0.00724870909139308,0.18663913655504039,-0.014319644277900122,0.014362838766598163,-0.0022983414358992427,0.05831093898494688,-5.354377042487979e-05,0.021379123075751294,-0.0028626881930458037,0.07866701968868989,0.18367016927247778,0.25251792560162845,0.005741015568482442,0.01037216354276817,0.08459651506806891,0.2503640690649868
0.011871923406229539,0.12870742068392582,-0.00035755297522336096,0.1202027049062456,-0.00868941098249576,0.18654390965140166,-0.013897162838351828,0.014915630888363484,0.005565534912352232,0.07185883774082646,-7.715300477001419e-05,0.021949272682872722,-0.0031445727183634087,0.0803790571398588,0.18604207700481637,0.25947459970272313,0.005751820774748325,0.010439234245886326,0.08199625255036615,0.25427293416531715
0.01188588177711039,0.13043575143029962,-0.00037263133046073343,0.12207774356842739,-0.010979520676567045,0.18975319190059237,-0.014781425433746687,0.013659347467587879,0.017650733952011777,0.05126306152796545,-7.258648899463593e-05,0.022442609757061138,-0.002782772425545532,0.08068677458744586,0.18838610969100109,0.26737587881449626,0.005759995225521589,0.010521088446931389,0.08470990254809212,0.258115601194767
0.01168423865017731,0.1341880895399435,-0.000620959943670894,0.12594872720668854,-0.014914085105888653,0.19328032751087343,-0.014683907185792789,0.015004340969386132,-0.003084188980554403,0.07611711960089784,-0.00011397799990270352,0.022812761761636935,-0.0031160133549701374,0.08257049798254187,0.19070196314018187,0.2744155781480798,0.005766307589809905,0.010582966185622964,0.08938774893935193,0.2618923181941048
0.01171121079847061,0.1371213620845516,-0.0005964505124679588,0.1287684789566574,-0.015018319952499803,0.19492709447479362,-0.015596815243078377,0.014876246179647357,0.008623316284146476,0.06511301336179787,-1.6095901531176793e-05,0.023546088303657564,-0.0038320605371413297,0.08462754976601666,0.192989397287635,0.2772369494615893,0.005771124580412692,0.010652127839244423,0.09683109983641558,0.2656034172056382
0.011641917921118619,0.138339764632763,-0.0007115674925471157,0.12994677709953373,-0.009745904447615583,0.19694889238322988,-0.016006145022861008,0.014494321060377301,-0.0062226229928905585,0.0760893996985359,-2.7276043818802442e-05,0.024160514060956872,-0.004456220973799191,0.08785940524822006,0.1952482295268207,0.2806379289288403,0.005775051908304554,0.010721059588208156,0.08687256816259449,0.26924930675075165
0.011611161107166704,0.1420047684891913,-0.0008610721722086077,0.13363277129494874,-0.00878598987501622,0.1993430520459789,-0.015038562341968209,0.016156906802685878,0.0037092167237489093,0.08062724084542372,-6.978913098978912e-05,0.024849915969480607,-0.003936147210392871,0.09108431581587065,0.19747832851006417,0.2842687679538039,0.005775694440259311,0.010785400081437212,0.08847275355799346,0.2728304647422458
0.01186443780151453,0.1447270783595734,-0.0006861397850054778,0.13628186160155714,-0.00991631820567429,0.20544090571122875,-0.01442632205386648,0.016798363707252562,0.008374533714701649,0.08025857377665058,-6.576048564158055e-05,0.025655946938448526,-0.003415002550505669,0.09262620287660439,0.1996796085756406,0.2889325839507852,0.0057770629500065165,0.01085664295855667,0.09125961583933746,0.276347431819341
0.011926388428537774,0.1491184622540045,-0.0006297432619936233,0.14069148137059898,-0.009873071177369797,0.2102597566788782,-0.014501261001563615,0.016158091745974535,0.00961073028433057,0.0860999381535793,-1.3978459535296528e-05,0.026682516723484095,-0.0028582492740246157,0.09430874304817771,0.20185202486256623,0.2959549651231825,0.005779784582215956,0.010932834651737333,0.09946778535547107,0.27980080509192745
0.011963512358735214,0.1518871469732246,-0.0005870923593977069,0.14349268019846673,-0.00996902672734623,0.2148495662752008,-0.014103600872617916,0.017407266990402747,-0.004862039664539353,0.07576607214147069,-1.0465279140808859e-05,0.027429332035958875,-0.003985684747962598,0.09810789155836394,0.20399556909772876,0.3019339709606628,0.005782940728284887,0.010991022118675474,0.10506254616141841,0.2831912322796514
0.01206113502201715,0.15518010996242243,-0.0005044474863498474,0.14679730975422323,-0.007905286796577427,0.2207126796018919,-0.014468759695597345,0.017004284442647365,-0.013060039898950215,0.10038763307044651,7.61041383866845e-05,0.02810410368555205,-0.0035008424326892773,0.10197524273263092,0.20611026598941465,0.3061731838166761,0.0057839097586354325,0.011037856166466471,0.0971704609984525,0.28651940623071204
0.011495385959346915,0.1583985077718452,-0.0011115220136381932,0.14999700107331773,-0.005233035503608541,0.22832739958481407,-0.013632498854942077,0.018136182398585075,0.01445736313231405,0.07201735109864382,3.494426927400096e-05,0.029380560978785164,-0.0030947570352850284,0.10671879651723684,0.208196170135765,0.30993797834541353,0.0057862441730017365,0.011091425140257556,0.11188363199513357,0.2897860598047148
0.011380889212508391,0.16031867443938597,-0.0012940483641113703,0.15226255931937235,-0.006385030374048473,0.23169723674822817,-0.01333105126226295,0.019649870385219415,0.004336770800587253,0.08536191715544805,9.288980042651551e-05,0.029883933065952828,-0.002584023261532037,0.10691953725665371,0.21025336335094894,0.318838405690234,0.005788942248949332,0.011138212124530334,0.10736311085402622,0.2929919611036352
0.011126720592688214,0.16383930017729778,-0.0015984621662351994,0.15570929373944767,-0.006745111452696406,0.2372581349205951,-0.014237910210545934,0.01954251041601316,-0.004742108726299321,0.09013308146948962,7.967302945452448e-05,0.03055555748447003,-0.0013204934482270447,0.10910671972731584,0.21228195231926153,0.3221359765173108,0.005791998693377432,0.011204720312955645,0.12623563338875446,0.29613790903478854
0.011157418178097865,0.16570198986397716,-0.001461114521008191,0.15751584512013903,-0.00466932556763755,0.24549473105399855,-0.016421530617800308,0.018752031121066437,0.00845487774856113,0.0851216285531351,0.00010307402353118555,0.03137102453978602,-0.0013816907178772209,0.11076822305202427,0.21428206650181497,0.3270848015201325,0.005793449272709936,0.011288283009381186,0.1328068740136732,0.29922472918970855
0.011443073137028466,0.16598503189267821,-0.0010054355409470014,0.15792486447150306,-0.00496083926759483,0.25287673592499393,-0.017016689608318324,0.019172738761497575,-0.0029544995547672315,0.07249942930338038,0.00012482065153399113,0.03194745342729344,-0.0017549877227900357,0.11805608733508519,0.21625385623731574,0.3320754032481547,0.005795068189062027,0.011359180890578541,0.12391739801064423,0.30225327002295443
0.01166327111269925,0.1676103609328909,-0.0008968615823007186,0.15958766170108182,-0.005862175046042584,0.2591317921650179,-0.018181455574220427,0.018892076177910517,-0.004879453654111021,0.11042197514567531,0.00016634107439519874,0.03258902916717843,-0.002162106650946821,0.11799660344849283,0.2181974909945149,0.3349330696133789,0.005795744632324147,0.011430456255646156,0.12047973267663635,0.30522439931509254
0.01187019369130941,0.1706320215601782,-0.0006625300263844829,0.16264692396018093,-0.007753057594954926,0.264822098891185,-0.018620450461881856,0.01851176082486295,-0.0022877967818317746,0.10510047971304926,1.6994550522064777e-05,0.03328018949489442,-0.002428912979797998,0.12378144982915379,0.2201131577475889,0.3395058352355727,0.0057965016646174235,0.011497934810602878,0.10217788956103986,0.30813900090440666
0.011633003363502259,0.17282409709550622,-0.0007918262030948298,0.16486355465585,-0.007086978270256283,0.2726489886879717,-0.019184162487998858,0.01878391691001898,0.005067323255183331,0.11977226742032665,0.00012452764210937883,0.03371804873911399,-0.003442166510232658,0.12504719642757361,0.2220010594562727,0.3433075905168363,0.005797463784440399,0.011560941325881448,0.09618752303739089,0.3109979716722639
0.011600355790309257,0.17632686300490472,-0.0009103467101318728,0.1683055319527516,-0.004324932493868783,0.27989804776183136,-0.020038720301156887,0.01857785839725603,0.004136177544968644,0.12490717689063402,0.00015708725295712767,0.03423966860197569,-0.002363990573279018,0.1290203290874355,0.22386141364003184,0.3469172845515516,0.005801026367921855,0.011609258743885478,0.10494012673757747,0.3138022187675033
0.011528084314321615,0.1782853717445646,-0.0009241802813566465,0.1702706537107063,-0.000376881554813302,0.2815487150345498,-0.020901494000188127,0.018392096363925275,0.0014351989075308547,0.1216849767921151,0.00016927033545155457,0.03478455259104196,-0.002982547953371606,0.13108222919898985,0.22569445104030267,0.351959786475791,0.005805802698437729,0.01165199436231253,0.11097217488398747,0.3165526570556847
0.011642844337517834,0.18052575191520198,-0.0008257131722235293,0.17248112631407653,0.0038549543235582018,0.2832457032172847,-0.02049068620167167,0.01949636745433298,-0.0001476541965073075,0.10810568538573118,1.65266026855293e-05,0.03597265651636361,-0.002116411394089801,0.13542620185327972,0.2275004143674106,0.3601566191113603,0.005810313300861866,0.011718427931893656,0.11083668501187571,0.31925020677954563
0.011819802020556042,0.18259165085285883,-0.0006679659473673698,0.17455039799670286,0.004883241266422367,0.2890457738533575,-0.0200748667818355,0.020928739892518106,-0.003932450233427254,0.10230243150586982,0.00012556196159430044,0.0374596633396842,-0.002284657337841306,0.13959269462531468,0.22927955712979262,0.365528044848312,0.005814873795150047,0.011796242278502098,0.09158125921734757,0.3218957914175485
0.01192957604420574,0.1855439482200303,-0.000571121555401035,0.17750779937400754,0.004475852458378782,0.29659985050608506,-0.020066433799970928,0.021738380178598554,-0.002917887246165929,0.12004873804339034,4.237364376610819e-05,0.03760823992452145,-0.002317261305786966,0.14306267417966767,0.23103214254314514,0.36898671140384104,0.005818355240390667,0.011858007925724603,0.09310342086984358,0.3244903357279459
0.011625331042992848,0.18729665751541769,-0.000748540022510796,0.17939257597592848,0.005034656350542566,0.3024796300286795,-0.020842606756058514,0.02150351478844878,-0.0038425284150591654,0.12876444374471618,0.00016735723322441887,0.03844279798614636,-0.0024398162536542756,0.1462034494665537,0.2327584425165569,0.373009394355729,0.005819992052378351,0.011915322127021172,0.10407454663146386,0.32703476396635195
0.011775239121323042,0.1877581308772948,-0.0006464116626396527,0.1799284606721062,0.0030299610250135167,0.3053476973368249,-0.021482452578607814,0.0218850782452709,-0.006352759552832765,0.0830422391815111,3.5123143265924917e-05,0.040169453943228906,-0.0028268166646017723,0.14962588811809177,0.23445873671191184,0.3746724808147694,0.0058215327165140225,0.01197348260782455,0.09898683250967655,0.32952999826536367
0.011659604682942547,0.19081832632118145,-0.0007716325012241954,0.18319545595848957,-0.0003533725674795818,0.3136529199680125,-0.02162199389378582,0.022102330437131314,0.0027737684144261143,0.12428216098504552,5.747056824939589e-05,0.041473032146252864,-0.003117836711755112,0.14780771963447803,0.23613331167210946,0.37665412095263645,0.005823356467724732,0.012035948692645574,0.0986527951248469,0.3319769571653396
0.01157912810731632,0.1922719369677478,-0.0009437236197214552,0.1846241431413713,0.0006466069279706943,0.31834698479182355,-0.020720340975434414,0.022566600521296047,-0.01328214521938409,0.10813831359275472,5.873461313732342e-05,0.04243287716505417,-0.0036188454894786615,0.1588875007948412,0.23778246001309,0.3805577492380193,0.005824875110821841,0.01209014672291862,0.10739624191131111,0.3343765542859932
0.011667249092042592,0.19322511863146347,-0.0008415022069601982,0.1855837958952357,-0.0019276001718717684,0.3212709207645571,-0.021620686952831036,0.02223423664363012,0.00963606126081662,0.12165927963801271,0.00016797211430086278,0.04189712966069603,-0.0029240868142428322,0.15693448476113772,0.23940647967434378,0.3815498428374988,0.005826719872980942,0.012176055769087094,0.11063862763444812,0.33672969712900064
0.011676973318785207,0.19695700104680608,-0.0008311918020302636,0.1893316469798849,-0.002120390556254126,0.32744447093533113,-0.02244816213864793,0.021900863168028768,0.008466435038526399,0.11624348095893333,7.588813667058769e-05,0.04347161195395799,-0.0025523016521368236,0.16311130670385987,0.24100567322254074,0.3870225402140359,0.0058276397636269316,0.012228736712235682,0.10269920937656996,0.33903728600235533
0.011873273921946953,0.19858298066753727,-0.0006671060092414919,0.19098540817440154,-0.0043492854639670675,0.3384816553761846,-0.022782239222097867,0.022535495181049053,0.009140342217770936,0.14198856761544343,9.955039357961715e-05,0.04410340592628459,-0.0026519093878714373,0.166369581198857,0.2425803472031054,0.3925590311360997,0.005830393835288817,0.012298321587253646,0.10207264332108115,0.3413002130577216
0.011748647034880134,0.2018555322434552,-0.0008494154260076173,0.19415201279608013,-0.0025071374444263217,0.34532322339862764,-0.02243677129140529,0.02380908511474541,0.002819444455850695,0.10976846152213293,9.472362882076424e-05,0.04546924210995473,-0.0017537194657297472,0.16943779958798041,0.24413081153494323,0.3971207914502614,0.005833227222858762,0.01237264331518567,0.10806842611867033,0.343519361432534
0.011786844712072388,0.20319274322169487,-0.0007686166384675841,0.195505003078913,-0.0009318358850245456,0.35126318115400035,-0.02108795396826322,0.024805862456269125,-0.004534191577431512,0.1503386916713948,0.00012613335438077522,0.0471436485227712,-0.0009857904309497068,0.1739241631993347,0.245657378944027,0.40065537443904775,0.005836541343126072,0.012430027738968879,0.10117384959206205,0.34569560448908027
0.011903040296652775,0.2048277907487513,-0.0004963177701417885,0.1971327448040555,1.2307953360046753e-05,0.35772647903717547,-0.020603193147760858,0.025194583816369555,0.0029962041446041088,0.11923302180290618,-1.533211609114349e-05,0.04758663176620859,-0.001198743434186328,0.17528039448059102,0.24716036443213246,0.40358746582783944,0.005839672256065954,0.012485844250872787,0.10926300962530666,0.3478298051432654
0.012030787997641368,0.2049080084944333,-0.00022707818822871942,0.19726441610363854,-0.000929122599688581,0.3613244292952127,-0.020363868905466077,0.025917311625831572,-0.0028993676905220145,0.14524150959486337,5.093986228449365e-05,0.048597674183805895,-0.0014759911574613316,0.18203570551343978,0.24864008477760433,0.40687824470594225,0.005841375791178076,0.012559081818937534,0.12187527844269633,0.34992281527620517
0.012130283941748914,0.20761598842537565,-0.00013187472109928676,0.19999637792921246,-0.0029745319062814968,0.3643286403602489,-0.02206086831528692,0.025391893418100425,0.005298084420608085,0.15883583183593175,8.418926314060493e-05,0.049613361395768774,-0.001309643566300478,0.1877007982025395,0.2500968580656044,0.4140661419224003,0.005842308684271172,0.012619081301372752,0.12166546913554094,0.35197547522222367
0.012059520153667963,0.20761088453992263,-0.00026347074223553694,0.2000779652386027,-0.00341525620912031,0.3670620650083264,-0.02084322668869969,0.026486197524729076,-0.003561202471820568,0.16398100078037747,1.7159794659743488e-05,0.05083213275511511,-0.0010087295103733407,0.19433660387418616,0.2515310032458153,0.4188621941465244,0.005842744363524564,0.012696205269906476,0.12273634913214461,0.35398861332723436
0.011975672852692446,0.21092250617302008,-0.0003534414967470492,0.2033042459511785,-0.004272797287236063,0.37036838213376877,-0.021930728005417045,0.025769310343030167,-0.005774511158900042,0.14383133893364197,3.404124908643058e-05,0.05185759346905838,-0.0016380922463260505,0.19414491788025315,0.25294283971601506,0.42338799188789683,0.0058432543201503775,0.012770064615543263,0.1268848124529187,0.3559630455718776
0.011859571284673144,0.2116468114494309,-0.0004100419530092235,0.20393292033397442,-0.005647773735339978,0.37512896353631153,-0.02195375383025099,0.02557688353801013,0.005286316264863644,0.13894013233539382,0.0001987065379367159,0.052583962667957396,-0.001781398922976074,0.19727660728964364,0.25433268693030286,0.42907703121625207,0.005845319925652744,0.012830865174871526,0.14086490053898085,0.35789957525415234
0.011702488554053031,0.2130345550882326,-0.0005813153769223534,0.2053353420107367,-0.005890937574988486,0.38203303635429753,-0.021477744933764243,0.02614873491296326,-0.0025032586716808858,0.1271046152263512,0.00023366742320082845,0.05357134067045943,-0.0019254632029281349,0.20496817247731228,0.2557008640310362,0.43276261807571237,0.0058475160824717895,0.01288212711429409,0.1394396517520748,0.35979899272663207
0.011687510952101578,0.2155416202076662,-0.0006062909119916061,0.20786020229587274,-0.006012242011667945,0.386687322281438,-0.021129628203369742,0.026716874019110548,-0.008236266250825519,0.14946138952296395,0.00023792495031668692,0.05446834189668204,-0.001672960676089963,0.20791578013433468,0.2570476895037417,0.4395517152248167,0.00584821969849956,0.012933207269996931,0.13878275511640598,0.36166207518368465
0.011562268307683097,0.21477621451234913,-0.000690337228694899,0.2072257847791293,-0.005138360626532279,0.39361496122041595,-0.02214273249119252,0.02604487963449375,0.01045786918955971,0.18208969431539346,0.00024347797930357462,0.05558200266890623,-0.0018241987292451078,0.21210825787841053,0.2583734808543913,0.4420261336097115,0.005848295939804143,0.013004382837202124,0.1337178184024023,0.3634895864944306
0.010861110881066503,0.008478136105331803,-0.00020607085726238872,0.001123804679537493,-0.004254069454183496,-0.011294696254377845,0.0007490390206217002,0.00021669197899143455,0.004367472387929894,-0.0012355238234369459,-5.9215336183388034e-05,-0.00019855835814974743,-8.912614108158579e-05,-0.0006968179192747004,0.060608502140072025,0.04363670212271958,0.0056996492131388445,0.007949285268553298,0.0,0.00839965342684261
0.010683185150472042,0.008571034394264836,-0.00048413546694263745,0.00110452454249459,-0.003680630805421581,-0.01020900854690221,3.7799698822282846e-05,-0.0001441452514366226,-0.008247220615736461,-0.0018142247257588728,-3.4715570940369034e-05,-7.671180564194913e-05,0.001662559743756925,-0.001554381205122718,0.06040445194931844,0.0446951909034766,0.005699048176508582,0.007944287251136257,0.0,0.008522525481781779
0.01069697085316964,0.0081753186451185,-0.0003983752245941066,0.0005354542607148806,-0.0004946428818255466,-0.01252938683944782,-0.00036819338647222646,-0.0003424819887033248,0.0015547286730461796,-0.0015988836609737156,-0.00016418395837738964,-4.7294042733625474e-05,0.002082863401298929,-0.0015919125264489131,0.06032135046070484,0.03985836028026758,0.005697625692608142,0.007931566521584507,0.0,0.008913265996809598
0.010784258838687538,0.008559393731654317,-0.00037300392980733725,0.0009939951491073117,-0.0040093323575165485,-0.01315648370626632,-0.0008123480427415508,0.00013676328124034853,-0.0002449381430433828,0.004331680798626225,1.2704660061951811e-05,2.6269662979916397e-05,0.0020534605866879274,-0.00033963042207696414,0.060358959944772916,0.040382560020529944,0.005694688859396898,0.007939083880307608,0.0,0.00957056435774239
0.010908368423887113,0.008407644522359425,-0.0003956888223157623,0.0007348193796647964,-0.0020570337574914443,-0.00952762212018543,-0.00036343390235790143,0.0005198597765176061,-0.0037066098644928935,-0.005840482659310364,1.0085925764818926e-05,0.00011839416144188153,0.0015854778675458148,-0.0004501856443014929,0.06051671607728852,0.04426470280610419,0.005692811564773803,0.00794709515026853,0.0,0.01049222195936545
0.01099131824925481,0.00880418231301815,-0.0003144186883681007,0.001147295769818744,0.005796603100635123,-0.009203233240135944,-0.0010385929962220207,0.0007222069858996427,-0.0007754564307591583,-0.004675659323990944,-1.4194937979217226e-05,0.00023589773956411708,0.0013204015398592672,0.001088709089615253,0.06079373986050848,0.04694112945716258,0.005698091190539741,0.007967858943113698,0.00962534191409699,0.011675170747610797
0.010619033257287042,0.009685394606451878,-0.0010086700960113184,0.0019473576547657384,0.004124862653806849,-0.00604602522019726,-0.000518186737802484,0.0028962320690094413,-0.0012672163444658047,-0.0048483153613954055,-5.1289427746070704e-05,0.0002867875871597203,0.0010946881736200176,0.00013798340093021388,0.06118885216522281,0.046087846827214715,0.005702149078857751,0.007985542757932597,0.0,0.01311549894924227
0.01071106430757264,0.00982133230464858,-0.0009565440404602915,0.0021054703793633237,0.004886465378364235,-0.003236083723637151,-0.0008000152910133673,0.003218830267434547,0.0064700783426043795,-0.0022297601315788285,-3.214301525167329e-05,0.00040587254055490796,0.0015566175226003343,0.0007685952610057556,0.061700590473943474,0.04608619186939969,0.005703303792886262,0.007990065469005781,0.0,0.014808483582519317
0.010998133306481868,0.010292952805486255,-0.0006108784019179317,0.0026762093146727632,0.0041030091417106895,-0.0017870303473606075,-0.0016095489338296854,0.0027544195011865004,0.01082690717971213,-0.0009052728443945668,4.583838393634743e-06,0.0005419786300183693,0.001779282637377505,0.000535939255356499,0.06232722717661588,0.04995384162212798,0.005702769224332613,0.008024539206622248,0.0,0.016748629241448133
0.010869930952510914,0.010818603129244164,-0.0006848996742253744,0.0030765412185811145,0.003842648259011483,-0.00400994708240332,-0.0026273724584612522,0.0020865123583055254,-0.0036954135091906704,-8.208650132623951e-05,0.00015822279642152548,0.0007714019718400023,0.00016091992543337819,0.0019087566335357076,0.0630667885748196,0.050814162008952224,0.005701573052643879,0.008036072675117151,0.0007817939558909062,0.01892971255814853
0.011350079314751536,0.011691980908644107,-0.00027602254696506776,0.0038399449335015084,0.008469909045608182,-0.006232342761946841,-0.00183094252252074,0.0030740322474461347,-0.0022243797628702655,-0.0018340656226567553,9.552028542722524e-05,0.0009635921531437885,-0.0009305327426828158,0.0019480067836113446,0.06391707369409727,0.050349272307731036,0.005699214316400137,0.008036002111170807,0.00849242145062353,0.021344831674468805
0.011518510912800237,0.012441015353073966,-0.00023690259654534848,0.004617347949499922,0.008235561613477937,-0.00654140497328437,-0.0004291561683260725,0.003308480189624885,0.0028043972534297357,0.0025053556525242993,-1.9845208371477296e-05,0.0011534941990394287,-0.0009581542585339609,0.0014404983991460896,0.06487567216429657,0.05067299953737076,0.0057023536399455205,0.008071660677160272,0.0182333597596826,0.02398645999664595
0.011316373732101814,0.014321968148940323,-0.0005260075371524061,0.006370423366086996,0.009777751997543715,0.00035051985334155766,0.0005131860799165832,0.003916470056541055,0.0009069084010603357,0.003406188030898427,-6.556634904233971e-05,0.0013233114024205905,-0.000398979496680274,0.0005041042404779483,0.06593998078777184,0.05284223292562978,0.005707253988330967,0.008082508544260177,0.00523253827834356,0.02684650346634565
0.011240398406710003,0.01514659237810001,-0.00043757332574586097,0.007316820897200628,0.009050416418363794,-0.0021087350631361357,-0.000968685746375475,0.0028344821844612845,0.006448766669578276,0.0025814574090310405,-9.447520159469591e-05,0.0016658732495823392,0.0004279486424220713,0.003008972441219143,0.06710721885426536,0.05494775458593327,0.005707791852899729,0.008119691917802941,0.0,0.029916360558079006
0.011564201393854497,0.015406807886279529,-6.678600591939615e-05,0.007268676378069012,0.004911256814949638,0.0030194264489153966,-0.0036960361009615085,0.002291869046685402,0.008317937740911718,0.007930232143481097,-0.00010043178360549798,0.0018758236863332112,-0.0005316090599951084,0.003360546751191157,0.06837444261923245,0.05613172350492392,0.005710225370017154,0.008136812753199699,0.0,0.03318698420649221
0.011021347182068406,0.016408257878515967,-0.00044003123568368656,0.008225389975110277,0.003256217675787987,0.008306784307397397,-0.004396140478277866,0.0018094738318000347,0.004151662900868991,0.0049807225401833355,-9.148532338101867e-05,0.0020979092435262636,-0.0002537100463134989,0.0033500906553065035,0.06973855952991981,0.05900454697830012,0.005710548303608395,0.008142964895526112,0.0,0.036648944876570194
0.01075602208033194,0.017213670203659735,-0.000687919671577367,0.009071745937464739,0.0005695037347637211,0.006707102174840385,-0.0038793688343528032,0.0022243680384178123,0.002800287952987923,0.005093353924027988,-8.380646066966091e-05,0.002274142773535659,-1.2169965179276154e-05,0.007192323556627134,0.07119634274869406,0.05900766503647663,0.005714674138428403,0.008131264501046575,0.0,0.04029249401417043
0.010568935741321304,0.018730969551225742,-0.0008917456203331054,0.010660347234773725,-0.004566271977854752,0.013359280313895106,-0.0031727824724584576,0.0028762809127690693,-0.0006242732668420015,0.005585011352646996,3.9356542031548924e-05,0.002432634389518018,3.0476842467430654e-05,0.00903236788147499,0.07274444635024283,0.06214570797800495,0.005721243480388569,0.008160362544463251,0.004337561279928254,0.044107627151921514
0.010941742374401122,0.01930201066757455,-0.0005273360836886738,0.01172379034494604,-0.006123899626470974,0.010899858595543765,-0.0013347141925500795,0.0038143554417083394,-0.008245564459148591,0.0033006275942462082,3.124908398485782e-05,0.0027775523093579446,0.0006435047198046218,0.007974540174752465,0.0743794213423174,0.06573747976215483,0.005726618493558033,0.008171756737159398,0.0,0.04808414599453522
0.01131916327245635,0.02037653937488603,-0.0002754123960167932,0.012712969931740425,-0.0054063711910619094,0.014976407651133394,-0.0016307471524088513,0.001938765829195588,0.004424011938805372,0.015291417841044264,0.00011549722260817408,0.003009144878743264,-0.0005085985338523225,0.008436565307278154,0.07609773243860661,0.07108917182024671,0.005732959553314929,0.00821383681163613,0.0,0.0522117188659509
0.01115394901634037,0.022126984555056118,-0.00042472462911079777,0.014313945156460815,-0.005497830937434278,0.01469516246216207,-0.00034425001957240077,0.0019738010581460187,0.00014796169929565117,0.0008281034723660596,6.228713575706646e-05,0.0032955037456724456,0.00018455451443930015,0.011454036013786667,0.07789577532393649,0.07527075587200865,0.005738530382892063,0.008243494222459182,0.0,0.05647993896632633
0.011124747458737295,0.02413018649840264,-0.0005755829028624357,0.016347822838734757,-0.0057021996034698486,0.01646357961471101,-0.001568277837280496,0.0021470471969449066,-0.0024025319389906485,0.010249656382957384,-4.201277121065883e-05,0.0036111149159294698,0.0003203969523008776,0.008411810077299214,0.07976989400528207,0.07544188028563156,0.005746174587985216,0.008274258333185827,0.0015018939636973938,0.06087837995756267
0.010636316579731157,0.025543459298368064,-0.0009940748698115624,0.017686411655662922,-0.007301027228286072,0.015292388868357598,-0.002994427649338616,0.003492253412773061,0.004690593675549026,0.0022932684064957964,2.5147262784797064e-05,0.0039116080129906194,0.0018318674226318332,0.011581110692681779,0.0817163977464203,0.07638713772369982,0.0057542568556864975,0.008297761048094566,0.014659051521472866,0.06539664846972484
0.010688415830286478,0.027644331929608044,-0.0009941595840263998,0.0197514101050021,-0.007543205061867564,0.01695448858459825,-0.0052451920433952085,0.0022915949698617544,0.0004533519789401419,0.002201835453858214,4.576501483172235e-05,0.004048830716338547,0.0008205273355963716,0.009645493801566846,0.08373157705592574,0.07463534437067386,0.005759707884605719,0.008325119793490654,0.0,0.07002443319543009
0.010828527661926749,0.028913181535493472,-0.0008916319061303135,0.02102641780136293,-0.007982927351686264,0.025112023266271377,-0.005858873486252791,0.0033732300004525985,-0.002183641655238322,0.004827517651215252,9.69138169842898e-06,0.004340035709276879,0.0007094425264669302,0.010769028197582492,0.08581171825464085,0.08249942022898042,0.0057687368083229945,0.008372478993440869,0.0,0.07475155031325188
0.010962269054298066,0.03136653414883191,-0.0008159764506075508,0.02350368367012732,-0.0053006978359688706,0.0315015066040667,-0.004861774194094548,0.004452307356617902,0.0027096832518367364,0.007933404835544167,6.857413292565839e-05,0.0045419448299919285,0.0005112787394717377,0.011228330603751224,0.08795311629381031,0.08824051124332964,0.0057758762604673925,0.00842738201781709,0.0019214937020574294,0.07956798505285896
0.010826733983470619,0.033500222897712484,-0.000994715646267172,0.025576538977058513,-0.005788952844601569,0.03263982793257769,-0.0056773942077885334,0.003688813905525767,-0.006665551503797662,0.012552088353951829,1.3085928671829894e-05,0.005097845862739758,0.000994832085423697,0.012386628621466944,0.09015208570860093,0.09257445075429897,0.005782037052073459,0.00845406699577897,0.011163843997907796,0.08446392928265058
0.01062882660502853,0.03549345176976533,-0.001139370355153737,0.027391130505601748,-0.004619131715263958,0.037449871018919945,-0.0051004810308470485,0.004226501071418432,-0.0061242161165899756,0.00845699056954996,2.17125814093444e-05,0.005569823851605649,0.0017693910947273739,0.015006675234559674,0.09240496982750535,0.092716403058647,0.0057890700033148045,0.008493382078279137,0.013341992473882158,0.08942981506399232
0.010653371539035398,0.03791372310412455,-0.001141727200191723,0.02960769841499957,-0.0022411581237418154,0.04049305441784523,-0.005324135637384597,0.0047209005012173845,-0.0007828260526634434,0.010451976305356658,-5.440226067132681e-06,0.0059007847208021325,0.001367901169306851,0.01587050047899652,0.09470814855397157,0.08983817046149872,0.005794189733340303,0.008545163489195066,0.02421564437869882,0.09445634417397697
0.010323086121878464,0.039639008238516515,-0.0014042185216174286,0.03171956254350025,-0.0013618791510061623,0.04360373229268233,-0.006696659617900636,0.004531838255784859,0.002248797184501994,0.009568160661671987,2.8102382123640357e-05,0.0062483016687354676,0.0019291773115517885,0.018036635154191016,0.0970580451335346,0.09686585206067434,0.005801738167167521,0.008598734154462398,0.0007305115466269056,0.09953451365035927
0.010208988132731796,0.04208826930825116,-0.001419593362094693,0.03418425729943235,-0.0022188516016816706,0.04876122060420496,-0.007429682330860077,0.0043466365814209705,0.004349684677254273,0.012872242696002067,0.00010580296496789932,0.006700586781139717,0.0012945057427946605,0.017927179468176346,0.09945113228323023,0.10050354929800602,0.005808862528361221,0.008622632984019175,0.011702924241724047,0.10465563745758975
0.010351723628908325,0.04296616574780865,-0.0012755829656129671,0.03495933966921759,-0.0028314692640738492,0.04784247994803836,-0.0069159984888272465,0.0043826407274170755,-0.0038231059917515076,0.005852531143304751,7.818400447553997e-05,0.007155053470774608,0.0018648473496288565,0.019363383292361536,0.10188393789559409,0.1037238435508871,0.005816040952276397,0.008661252069122032,0.014265405980475598,0.10981136441156904
0.010466694407237352,0.045291676426765945,-0.0012747823485180915,0.03733374408975191,-0.004542355238652318,0.04987723583668968,-0.006662784104643227,0.004800849152933384,0.005101748981178433,0.006466376191435197,-3.601893914487175e-05,0.007522412511332455,0.0028158997823582166,0.020419605209695657,0.10435305028628078,0.1086726022557894,0.005817464125255354,0.008712169648148823,0.027024992303284413,0.11499369253288853
0.010322332681016073,0.0465900346186467,-0.0014063198327178544,0.03847072589056142,-0.003069061272783724,0.05601076382351744,-0.007208994239878019,0.004923905579074761,-0.002789916115955915,0.01491863954825301,9.743450331306525e-06,0.008027747173013688,0.002656171491966536,0.02241628250022737,0.1068551227147721,0.1161155589452786,0.005821569754481371,0.008751912738558,0.02529897489628465,0.12019498002412281
0.010201403066053959,0.04886115848881785,-0.0016007477421518482,0.04072888689119993,-0.00253406229953157,0.06261243262423166,-0.006122483479340102,0.006490022825078512,-0.003018157864018267,0.028477578927276648,6.550502901409017e-06,0.00844479111267249,0.0026097164530776706,0.025788724862126022,0.10938687676493956,0.12134327316732041,0.005826743947995212,0.008782968524991611,0.019977896410872286,0.1254079530864952
0.010964262267139915,0.05174751184039868,-0.0006358947093945723,0.04370469508126235,-0.001973848120267796,0.06748862665104594,-0.005413620561745836,0.008219138457387577,0.0025684527450140493,0.018772248544934533,2.3783009205191608e-05,0.009028215664135697,0.0020073885762455224,0.026746203431378457,0.11194510420178594,0.12101024882129874,0.0058345280241771415,0.008847752974681627,0.015070371500440716,0.13062571080538027
0.01152559968661312,0.05373598264261251,-0.00011830011496897878,0.045334759811352585,0.000760174474212505,0.07032243813906547,-0.0060417843367812415,0.006917652987092138,-0.0030880242627868704,0.026412753325642746,6.481613940839681e-05,0.009402214073019888,0.0022324654661397825,0.026485272268391646,0.11452666715601363,0.1238846607840949,0.0058421400099267365,0.008916387524656916,0.00371892119240238,0.13584172734310615
0.011981449578644703,0.055805463697452276,0.00017017376842355485,0.047501293978082594,0.003137416381299607,0.07300349619404978,-0.006743934844746791,0.006105542397578445,0.004212100425276866,0.024271427292528736,5.405920902512573e-05,0.009749908805990581,0.003244003961249131,0.030445946554664816,0.11712849690991367,0.13107330268810616,0.005852082546214433,0.008951770634098598,0.010473589545862255,0.14104985168190926
0.012478353802172458,0.05872322902326133,0.0005903186416766418,0.05039218887598222,0.00121426032852745,0.07656976485176781,-0.006749175052521361,0.00584823903763444,-0.006142739829268162,0.020655894226239147,5.8444929792483835e-05,0.010243015805384892,0.0037831029702893038,0.02829701965380707,0.11974759209838495,0.1337414098420081,0.005861011093628396,0.008995929066338872,0.03357273911320146,0.1462443051602286
0.012168680939685247,0.0603737121204601,0.0002340830412062879,0.05205625643526228,0.0021623686809488785,0.07941336826480172,-0.005669419413152266,0.007057474378053219,-0.008901005393020522,0.023221584646869742,0.00011382059475525952,0.010947584017287348,0.0027013976997519173,0.02795520094788398,0.122381017689334,0.14218339924533843,0.0058684113073331386,0.009034803324698087,0.06097027445524383,0.15141967704236023
0.011825037684737232,0.06236702585515562,-0.00010511762289447217,0.05388642518101408,0.002181222513153891,0.08469396464548473,-0.006884155108316403,0.006190085965581194,-0.002753617354072757,0.027485232864925435,0.00013920140238557477,0.011266068152913311,0.0019721616004936826,0.03268077555793342,0.12502590651769901,0.14355739546195748,0.005871538081461179,0.009089852448169369,0.03638041312499861,0.15657091835536985
0.011272733687141285,0.06437029258348878,-0.0005528079673038783,0.05604663096412331,0.00012641180161998555,0.09117573247160626,-0.007365328452339659,0.007618422537098124,-0.001990676821804538,0.049402544987933616,0.0001058699914572303,0.012008582401572876,0.0008845152099434817,0.033674261174806125,0.12767946521138124,0.1480511805641078,0.005874907717580579,0.009136462603104646,0.017097387576330496,0.16169333421861856
0.01118121267419807,0.06702838126826341,-0.0004456751703924809,0.05883382081286427,-0.0039217373459570215,0.09575427025833316,-0.00753915178149146,0.007865701604208752,-0.0022495535170607983,0.026023227902211565,3.37441023618712e-05,0.012646528381163868,0.0010339195665550194,0.03581484225935749,0.13033898581668332,0.15250245367867807,0.005881169138126611,0.0092056552911857,0.03966746642297678,0.166782574880775
0.010889485410432519,0.06979648091561136,-0.0006536902699685928,0.06145003442445528,-0.005397336043654111,0.10040080232842197,-0.008078152275029038,0.008856101298102936,0.00114509304922783,0.019710634496499346,-2.2287957686079052e-05,0.01225871120402755,-0.0006786126108042079,0.039600623019251824,0.13300186311591694,0.15751622237253474,0.005888098936164986,0.009268111989293833,0.04533249132074926,0.171834625667227
0.010728845227306473,0.07213363570284156,-0.0008545578540459006,0.06387769037168313,-0.004408832108681704,0.10217613589815011,-0.009384022889544597,0.008378926033229017,-0.007831453889635132,0.01961469713472097,-1.5083046262298616e-05,0.012925011617177518,-0.0005608186936941484,0.042716162513257494,0.1356656156263699,0.16127782962185788,0.005893861674692055,0.009312462664793644,0.033664857085612454,0.17684579602778125
0.010454175402872643,0.07471492197242684,-0.0012355168287038216,0.06654442902845066,-0.002012437592015859,0.10296607439957839,-0.009763179102174146,0.008410433940292561,0.0022861454899384404,0.040787529579590975,4.280126004521656e-05,0.0137068425820015,-0.0002627188508458611,0.043361081312039,0.13832790619153937,0.1623582010133929,0.00589875904158651,0.009350246821976141,0.027604295374460904,0.18181270786081374
0.010509829524086106,0.0774138517058674,-0.0011996921671926543,0.0693225763786798,-0.00211870107539891,0.10707632763192132,-0.010493459673799544,0.010167454041944112,-0.006215806349800124,0.017597686500230303,0.00010502673787199379,0.014261346690255472,-0.0010463026557129274,0.0453749526934758,0.14098655699351104,0.1621938928577254,0.00590601635775803,0.009419166860142275,0.03026844433443135,0.18673228327592872
0.010523235214004108,0.08071461908505262,-0.001279060959125491,0.07266787121712807,0.00043616679654800983,0.11105465976502416,-0.010893284905077572,0.010199519539012835,0.0071930875333391375,0.025735427106685194,3.0855610630708963e-06,0.014758004490225796,0.00015144805901934344,0.04555126485437097,0.14363955467343928,0.16907394529225228,0.0059128784169356794,0.009468771756709302,0.03585076072805237,0.19160173194297694
0.010366435221774984,0.08348990026536568,-0.0013362514576617905,0.0755794051764672,0.004581043862307954,0.11280399659918494,-0.009767056244518402,0.012068892459541103,-0.0036518757396908352,0.03736178990222805,0.00011778357879568824,0.015564697957823337,-0.000814041442939839,0.04684506075033154,0.1462850440358536,0.17106981899790513,0.005915388475309877,0.009510705517735913,0.04331811298090993,0.1964185381612082
0.01039186446537926,0.08556987955627739,-0.0013039997540497863,0.07772350804117657,0.0075440540910491904,0.11569788527537139,-0.009644098579892447,0.012098972791939533,-0.003339776370845149,0.03726623718633848,0.00032747371274097214,0.016554323730515796,-0.0019446664403014458,0.05034848226886554,0.14892131229602962,0.17421872285784162,0.005919724145169315,0.009556630024808223,0.04217675396060571,0.20118044776857433
0.010738807324155998,0.08931406748858867,-0.0008918083841684219,0.08159236209297596,0.006131634936509034,0.12079511706545953,-0.011197600280239006,0.011744552750043834,0.00991871208397388,0.03458041031281722,0.00016900560963148403,0.01704545114020961,-0.0010649637533341472,0.05229266662865986,0.15154676829928618,0.18100880205524103,0.005921948448231317,0.00962272299234264,0.040962490837468425,0.20588545499792218
0.010593418232021734,0.09279730552115356,-0.0009015379121774802,0.08501996619208717,0.008119074746687716,0.12795206067248732,-0.010795894328293509,0.012752844761647897,0.008605867586123805,0.036401557955561104,0.0001858338892140321,0.017710637698680753,-0.00046918426968667326,0.055420108908476484,0.1541599216063717,0.18884545425536317,0.0059267631182489885,0.009672203610838611,0.032076827156898344,0.2105317893741306
0.011080446992441227,0.0942623996379851,-0.0004245634791118953,0.0865958267723462,0.006173801690240399,0.13104383142953924,-0.009884470220760644,0.014027100973701134,0.004861261561372898,0.04771020770942014,4.2813153396215053e-05,0.01831845481105987,0.00037793287499590655,0.05426383630462592,0.15675936506071914,0.1984433080890779,0.005933357418231883,0.009760523587603367,0.00562319923485674,0.21511790273424689
0.011156593055721312,0.09606365830436722,-0.00028191783448693053,0.08844748603462936,0.007304785382948875,0.1344346781358572,-0.008751651216352319,0.013935510637813387,0.0020628960187970558,0.04162857205573389,6.699977742735674e-05,0.018705720957195693,0.00030666297575684953,0.05717675541112888,0.1593437624705433,0.20272200789477648,0.005940085358526683,0.009838551116126927,0.015744415389537334,0.2196424564414303
0.010859913243234081,0.098687805563001,-0.0005253748178712641,0.09116517628657021,0.006889684099499416,0.14268932605135132,-0.009300309288807807,0.014183017822362132,0.00546539823145642,0.04455172518956585,0.00011960272670671901,0.019515114690333624,0.0009714146235497156,0.060572066702957644,0.1619118413323174,0.20992505339447887,0.005946882123986972,0.00989403700736849,0.04688853567288943,0.2241043088530459
0.010538082189907212,0.10182072304592638,-0.0007939135675923206,0.09439307754570975,0.006557620921868956,0.14959702185095947,-0.009732926016742017,0.013900180638999527,-0.005361450285069624,0.05134711868798425,-6.292608979563408e-05,0.020264000603039012,0.0017880678644638937,0.06236074808125874,0.16446238954370967,0.2174181025381156,0.005951274393759999,0.009974146932463583,0.06250043006254392,0.2285025030935998
0.01077993249895025,0.10458805955107835,-0.000511814716286153,0.09712158167910244,0.0032126999229158404,0.15479578160739993,-0.011861997837273052,0.013473023270932472,0.014109751736044118,0.04945320108105755,5.0556452177635824e-05,0.020916432538223395,0.0025058489142708584,0.06404310677461267,0.16699425476606494,0.22485839118726644,0.005952105116791368,0.010030570147839675,0.048071834800515925,0.2328362551743666
0.01031949652918665,0.10708746614367287,-0.0009977217832026503,0.09954955237140925,0.0017711759635599122,0.15974800005067258,-0.01121132031936628,0.01435311022200928,0.0008991832460145677,0.058399966469430575,-0.00013331687401771375,0.021262607896626262,0.0023455894541818956,0.06534785785702335,0.16950634523997404,0.22899242159302613,0.005953952269009851,0.01012654927511207,0.04392541544714641,0.23710494249351505
0.00988739664018204,0.10894594004391339,-0.0014556506686309156,0.10169579576405097,0.0010388572809161278,0.16843016873564798,-0.0115165998307163,0.013746380730977193,0.0029040572558581834,0.08306783481774627,-6.751122335421633e-05,0.021374553857543943,0.0023631816872747846,0.0707337550022833,0.17199763117391656,0.23207613120020604,0.00595663757856979,0.010204060099683446,0.05991784174901963,0.24130809274328097
0.009854339603508695,0.11098198757512272,-0.0014737144686332374,0.10391404422718455,0.0021321652251420353,0.16886392889954194,-0.012168187076067937,0.01272080138909899,-0.012260868074888798,0.06301790717513689,-0.00013559446613020665,0.022300382584611533,0.0018251909864204774,0.07328411546147198,0.17446714614914788,0.23418239232740548,0.005959257159051706,0.010259175283239136,0.07517439266293148,0.245445373244228
0.009993401778948394,0.1128564795590113,-0.0013089635120775139,0.10576485148241685,0.0042135476236693226,0.17228580690773931,-0.012797690046184218,0.012116567002617562,7.495929835299453e-05,0.036679983129430105,-4.873721061379732e-05,0.022695758087558415,0.0009836085817536144,0.07340126784819301,0.17691398823984858,0.23983088052781731,0.005960864230650912,0.010313656178194184,0.06100101089967977,0.24951658072083727
0.00995011437889166,0.11522541974703299,-0.0012446500055704295,0.10817929062817447,0.0018965203142351506,0.17350240733255062,-0.012835390989240858,0.012231900168552823,-0.017030222989032895,0.02802141224068999,3.8393522888591214e-05,0.023710489262726786,-0.00018528937547052093,0.0759172673526623,0.17933732072099018,0.24771304673401537,0.005962618421099669,0.010383040510026479,0.05986739900481672,0.25352163152755613
0.009873794177269541,0.11896358562878985,-0.0013509778836591543,0.11198761614675769,0.0001895226118364679,0.1770156216694827,-0.013286312387946076,0.011629025044619868,-0.003873934785626698,0.04644365019870078,-4.347459687073507e-05,0.025657277402582723,0.00021550996496658148,0.07744634355270091,0.18173637233970028,0.254122129669548,0.005965983114850839,0.010431808408184123,0.0609713176500309,0.25746055232993886
0.009774314648433242,0.12184901378989765,-0.0015384319874037194,0.11499635926995683,-0.0010175073980169813,0.18166912662939705,-0.014246947588735692,0.012763679539233052,-0.0060881894761901645,0.06660974435412348,1.0332265053203393e-05,0.02479843350106692,0.0008350083689850074,0.0809728376339594,0.18411043717905357,0.26062419904462736,0.005970814484195296,0.010489672373618605,0.06252867764657484,0.26133347124161904
0.00953864974537355,0.1244230058610147,-0.0016788983670739093,0.11756476680438466,-9.978272441890645e-05,0.1883203402903193,-0.015231418119730477,0.012446321486208922,-0.006396736470444031,0.06597869032307224,6.047680372259223e-05,0.027066327833285886,-1.6722695196369486e-06,0.08253966946032631,0.18645887416444304,0.2626724732219737,0.0059742602447343,0.010543918031004344,0.05974632253255754,0.26514060941448353
0.009486823401213991,0.12712192185273424,-0.0017420047833566522,0.12028210529638265,-0.001049995709603735,0.19180875531808517,-0.015303219253187195,0.01367602142781874,-0.0003643967366384615,0.07688173853889757,-2.5001116160272563e-05,0.027147339250191083,9.507980794937199e-05,0.08419885161831686,0.18878110626571934,0.26670978245812926,0.005974184622613614,0.010605645504680782,0.0691755598601777,0.26888227307655865
0.009510814893500719,0.1294803915542027,-0.001743905843400154,0.12259762084442669,-0.0019267568949463687,0.19579672126822234,-0.01471610983276187,0.015148991485950059,-0.010344941410134867,0.07895154154494755,3.1117961196702737e-07,0.028470247486998,0.0001407008825873579,0.0850406367956883,0.19107661944228324,0.2678129564715388,0.005973001168179374,0.010664070496258407,0.07332350637430145,0.27255884600969765
0.009475292228360537,0.131171454867465,-0.0018580882154548197,0.12428165216873348,-0.0031848850057327738,0.2037661000835227,-0.015184481405992978,0.016977879946919572,0.004673458341682091,0.0867945687738223,-3.8570002866805675e-05,0.029141747410177166,0.0003067036795317557,0.09220189680951549,0.19334496136887777,0.2730037764069819,0.0059712942251339525,0.010729823776396677,0.07297597032009571,0.2761707824571509
0.00946093670440885,0.1336147243956986,-0.0018931523250430623,0.1266603088496005,-0.0030598667277872416,0.21326625550262635,-0.01579190135487949,0.01796707786423448,-0.005666606977317468,0.08038189027603904,-1.1135753247765168e-05,0.0301090540275446,0.0010164017307347228,0.0940412785115082,0.19558573997006792,0.2796942749264085,0.005970976453767396,0.010778302105976169,0.08682080878701902,0.2797186004494578
0.009312345975319103,0.13577120399584955,-0.0019678765000526437,0.1286736757092377,-0.0030968568110008032,0.21690351612150716,-0.015606097923735096,0.018825481646085284,0.014235712310807669,0.06369847496384973,7.677548263479439e-05,0.0311792736138381,0.0010572333108282428,0.09461517553903284,0.19779862178283406,0.2849478692285289,0.005972711027558964,0.010840341613963878,0.0846744046539502,0.2832028755357852
0.009084346495167806,0.13876691983437,-0.0021275140398982744,0.1317291155680317,-0.0009728749864428288,0.22194813613180098,-0.0166102247221371,0.018614446367900817,0.0012378020705454684,0.10735054544484401,3.7252835293849484e-05,0.03201305264175924,0.000707059681217509,0.09958096114552728,0.19998333015990616,0.2895581420943185,0.005976092807006188,0.010921084325421151,0.08411094533908063,0.28662423490680267
0.009428137116464244,0.1408553465234015,-0.0017870781919036086,0.13385725856311403,-0.0008074548516801006,0.22325884435693255,-0.01656438323498144,0.019589493610723752,0.002451274751462451,0.09013870383910305,4.765714970222934e-05,0.03270033079513346,0.0003616643298161859,0.09936061436011553,0.20213964332150916,0.2959813599790522,0.005980373540780898,0.010977985024453222,0.0886835191394728,0.2899833518944299
0.009416925634152216,0.14146508319884246,-0.001857012135404264,0.13438784098783144,0.0007533785169524521,0.22767808820219493,-0.017284360803661226,0.01963232520797742,0.0038992517588617437,0.08689613178492395,-1.8312834282441237e-05,0.033492792352419753,-0.0002369154414607888,0.10519106528944278,0.20426739225996918,0.3009905707721194,0.0059835520076644355,0.011042575399088815,0.06785808055645108,0.2932809408332349
0.009366021486603133,0.14230485341024085,-0.0018726814221821098,0.1352163723818725,-0.001218829126908183,0.23432060379659458,-0.017402078412127542,0.019116518816711302,-0.0013992993484777116,0.0956446503082502,-1.6349558545375453e-05,0.03437784415390466,0.0005265261487676642,0.10840613638027194,0.2063664585000773,0.3010552174537719,0.0059851772466936615,0.011104009981923629,0.06984261709826638,0.29651775226791593
0.0094227136034874,0.14445982810215635,-0.0018539153491424678,0.1374404297077354,-0.0020272824449882876,0.2449212768798219,-0.016671962787449236,0.019887379646386427,0.003983754022347519,0.06772621801128431,-4.970129182568783e-05,0.03523474323463982,0.0003718998041929711,0.11334455317808692,0.20843677171822736,0.3085038511483374,0.005984789500361691,0.0111553462430731,0.07816722799353547,0.2996945684911298
0.009202910824640115,0.1464419090251916,-0.0019896089076856197,0.13945902883209618,-0.0030207319548785083,0.25192725093661505,-0.014606289912664838,0.021153778215512564,0.0008222195660045895,0.08113256870114305,-3.6156013639626616e-05,0.036160055808354574,0.0005765484257488629,0.11559582290589834,0.2104783072252231,0.31569573809105567,0.005982192545267718,0.011216606121942673,0.08272367846116968,0.3028121993958797
0.009306696904663353,0.1479967509343522,-0.00193569778018266,0.14096687997060164,-0.001245449450588687,0.25635347804081454,-0.01468358943032696,0.0210811026589679,-0.007064416522427619,0.08964012754322614,-6.702589329304898e-05,0.03696654485626172,0.001110545641051175,0.12049859354404019,0.21249108332129377,0.3176703898045962,0.005979668024731422,0.011265308048100124,0.07821267227427217,0.30587147862678216
0.009370917062191501,0.15076710556074657,-0.0019060727199484585,0.14379451447374658,-0.0006697711220646774,0.25865015468791297,-0.01528559750116767,0.020722133529419318,-0.007689830543788911,0.08442898687623457,-3.6975906432062944e-05,0.037982536662508615,0.0016209014852918424,0.12389019164476664,0.2144751585370989,0.32427988450710876,0.005979231151258144,0.01132812818407604,0.07938491292967151,0.3088732600147125
0.00950782404737159,0.15323778295493706,-0.0017882967949662768,0.14626292371680427,0.0016670501493325496,0.26321216469160924,-0.01561828096586505,0.021099249249647834,-0.005531867097212428,0.09314567996264955,-0.00012560989093193808,0.039295690037666864,0.0010310451726970593,0.12572125512266177,0.21643062878084715,0.32956157627117266,0.005979696433763196,0.011397725202910738,0.08612101693524166,0.3118184142796206
0.009328526827882237,0.15388324250478264,-0.0019170426341080602,0.14695161839756532,-0.000788121662120167,0.26686941052879054,-0.01611358377107298,0.02122313113914768,0.00794347242060689,0.09079241707948038,-0.0001212182771489767,0.04000627905210119,0.0011761003749660992,0.1263965676547817,0.21835762441832454,0.3351814827167935,0.005979226784827318,0.011457301026310545,0.09428921383286258,0.31470782598664965
0.009276151579474399,0.156413584439148,-0.0020381013342845207,0.1496121608817393,-0.0018455551637204248,0.2717185929304007,-0.01612115299128496,0.021343571244505755,-0.010612528899174745,0.09753962433401231,-3.218862843470949e-05,0.0412270289293053,0.0012913159524298723,0.13111703655483695,0.22025630731863588,0.34102078991277235,0.0059789313398528636,0.011534668015414747,0.08660418121327192,0.3175423907411102
0.009189986575358584,0.15893008716120505,-0.0021424218350808693,0.15212411564284609,-0.0023362778627746827,0.27557007750631635,-0.015906371146048294,0.021468854545720985,0.008678075704658506,0.12585132536337884,-5.145528741778982e-05,0.04253150004256523,0.0016873502564019593,0.12982723180742559,0.22212686790283812,0.3414266035605928,0.005979694378103541,0.011608553700374709,0.07656442816165142,0.32032301260830726
0.009284543767964037,0.16101058978110416,-0.002005636923500878,0.15445744441039258,-0.0022650036922331473,0.28145774331260176,-0.01640983775759829,0.021986873487154203,0.01622867925361826,0.10143486094108933,-5.277727457578263e-05,0.04342714359396482,0.0021992640585666023,0.13564904282970786,0.2239695222346138,0.3421813374316252,0.00597980162822566,0.011674605746831187,0.07592227321914892,0.3230506017447109
0.009658899909573445,0.1627912651120383,-0.001646241918944677,0.1562856572280401,-0.0031561736697911513,0.2855923258476927,-0.016005117346645947,0.021920281367137105,-0.012117651843147836,0.14486179528813226,-6.616429726968853e-05,0.04420925607724935,0.0015132054385935678,0.13890176508268592,0.22578450919133458,0.3490093767767752,0.005978433321716323,0.011731908007985953,0.07632672874484495,0.32572607222747535
0.00964263590801181,0.16466282504616864,-0.0016077375862839933,0.15811979753098854,-0.0031561506639601333,0.29016057067826706,-0.016239607273778933,0.02259990110853539,-0.007131471474143503,0.12769649965439345,-0.00010604491639765179,0.04525771468978368,0.0016801632065187866,0.14449628122923103,0.22757208775037172,0.35479562856764296,0.005977500932915544,0.011800945941102134,0.08472007979422853,0.3283503400698405
0.0096413742804843,0.16793271962236234,-0.0016498802555279038,0.16147244060428584,-0.00104721137789765,0.2956904055162276,-0.0171110795436205,0.023319032634431795,-0.00796791078227721,0.11273911964051386,-9.576625848831122e-05,0.0465494587823152,0.002403311663969343,0.14331870700477245,0.22933253441981136,0.36412940660881243,0.005979394276771426,0.011895682261845956,0.10015723782023853,0.330924321410495
0.009654809635565292,0.1691802350984341,-0.0016475529215600592,0.1627278960806231,0.0006674736493259559,0.301228410983136,-0.017386809635666724,0.02482372035439271,-0.004533987195606937,0.11675281907823487,-8.105476562489389e-05,0.047182111347180644,0.002289669655784199,0.14858188603032,0.23106614083559543,0.3728482447761326,0.005982181281525795,0.011948999931954866,0.10287397461742205,0.33344893086552074
0.009736028493715652,0.17105744781072746,-0.0015429444964820422,0.16469284663469314,-6.153690899135533e-05,0.30272736889270435,-0.01900650632499925,0.024883516689349648,0.0076944676649193244,0.11835136916469258,-0.00010053512103302964,0.048094670703414444,0.003166592000989954,0.15404441669011365,0.23277321153939615,0.37367704813977576,0.005982916276155227,0.012015490158713277,0.10959512248712576,0.33592508003209465
0.009815491792170904,0.17398418221957646,-0.001368667341522363,0.16756994124730917,-0.0014338192410454642,0.3066793718019294,-0.018767625957001932,0.02556049605699846,0.00036823107686090317,0.09592507705788567,-3.695945001028211e-05,0.04839443059853732,0.0034722558377151824,0.1581769171990182,0.2344540619440407,0.37817159237686776,0.005982494532514628,0.012087429843955149,0.11000460043858205,0.3383536761336495
0.00977090732979663,0.1768716905041713,-0.0014413772382478943,0.17044394092265047,-0.0053538002195225864,0.3126567075658252,-0.019060733513720007,0.02588087889978579,0.012331178786694985,0.08855251050280388,4.1620007344450594e-05,0.049279148028590125,0.001928884282665383,0.16131514050912937,0.23610901648666793,0.3840743803381272,0.005982951493208994,0.012153265808873463,0.11828613399383775,0.34073562079674685
0.009776232469252704,0.17854021878908527,-0.0014059133163015006,0.17213661762094265,-0.004830970692420777,0.3210882931994645,-0.019235442593968678,0.02681568190338939,0.008209181103440377,0.09722738416613574,-0.00010562873207431434,0.050957806278619566,0.0026714404483571264,0.164868936638468,0.23773840696440396,0.3889032192922412,0.005982011584454667,0.012218579376404953,0.11649212224251937,0.34307180895042266
0.009766446715027438,0.17939701727691365,-0.0013782827030877805,0.17294264707714652,-0.004277765644920439,0.32740874728660174,-0.019045883558606015,0.028108980496812458,0.002692954511082979,0.10260832536439746,-6.692411184083813e-05,0.0520568274691211,0.002239222025960469,0.16075759746698354,0.23934257104335194,0.39052587606042677,0.005979799080587108,0.012282708222820236,0.11603362047418618,0.34536312783928214
0.009731060142173526,0.18064545880366153,-0.0014271671969416817,0.17411647780930178,-0.0049789835760234435,0.335742247082673,-0.018766016435201795,0.029110614587247296,0.004773099441107931,0.08506897176100714,-2.5035449601751303e-06,0.05349587706561221,0.0012225526374505802,0.1703346470574786,0.24092185092907456,0.39414412745436983,0.005979043473017287,0.012344021973889405,0.11512573240868224,0.34761045614211566
0.009692599047482783,0.1832544914714316,-0.0014716558239327143,0.17672296702018447,-0.0048031676759863196,0.3439733908752147,-0.018814008924324898,0.02904529528617834,-0.003964170182769955,0.122805429929282,1.9284693057980418e-05,0.054834184033673905,0.0008105746497394928,0.173800627300138,0.2424765921853393,0.3961372164054964,0.005978091361646581,0.012400925100735904,0.12635685374057604,0.34981466318827803
0.009847520728936646,0.18599417726624246,-0.0013295573107308806,0.17935816214819833,-0.003967434703606498,0.35133793289052906,-0.01903383779882556,0.02886909373911519,-0.004889554842290256,0.10759594730008715,-6.701633257527595e-06,0.05681664919687135,0.0003511337464834341,0.17828064998434656,0.24400714268746204,0.40157770059693837,0.005976462446648997,0.0124570422573662,0.13463087524357628,0.3519766082645446
0.009801692645546905,0.18763046557234686,-0.0014160150200339273,0.18102716228276128,-0.0032888546476705915,0.3557900988700604,-0.020457218768557373,0.027799054229551888,-0.0028802516283810142,0.17046451903682258,-3.198891428055073e-05,0.058139971043096095,0.0002939212693457982,0.1803373668079769,0.24551385169687417,0.404979071854962,0.005974319427573058,0.012513136993091811,0.12576007418779417,0.3540971400055869
0.009912424392442694,0.19091910123024347,-0.0012354947270046737,0.18448408416850653,-0.003753645079866752,0.3596866414616616,-0.020814337253508265,0.02770531441641038,-0.0071535354014151675,0.1668166405739756,-2.95294928875367e-05,0.058380317969451534,-0.00019954356332668732,0.18603841989312705,0.24699706904430302,0.40544323202254906,0.00597159165019699,0.012601669037279722,0.11890831910736144,0.3561770958616432
0.009841230555268948,0.19172131696396974,-0.0012062436659358057,0.18530542574335684,-0.0028822693634884544,0.366260263459144,-0.020348174438090783,0.028475065303428065,-0.007958672483755036,0.14387537829177632,-1.6315108673198297e-05,0.06030566008386806,0.00023172490281991864,0.19336865694168015,0.248457144410005,0.4107095395031549,0.005970320420555799,0.01266462737909947,0.11439081357246934,0.3582173016373597
0.009829200898662755,0.19379383376066325,-0.001237883984866588,0.18761948359596978,-0.0021033218266808262,0.3737615886098402,-0.021801754482005897,0.02738290086136712,-0.011306938213513362,0.1740987894625986,2.031554962098059e-05,0.06158438009704592,0.0013884338777304661,0.19900791154235836,0.24989442669065268,0.41450837374476296,0.005970227398028175,0.012726648714813516,0.10313657628958443,0.3602185710961639
0.00994455748785532,0.19614251905698507,-0.0011385689688637197,0.18996361490182553,-0.0008169925341543482,0.38181903001764683,-0.021743092173220104,0.027060735544799024,-0.007663236394085837,0.13536039753324913,-5.0582979261110106e-05,0.06284717651435168,0.00152295348405318,0.2026522831993114,0.2513092634436559,0.41773694458243316,0.005970698122429923,0.012793455086236152,0.10143182242670581,0.36218170562489693
0.010045698519893344,0.19658768146923686,-0.0010912338909256393,0.19044391158635804,-0.00011232239554037626,0.3885910376763194,-0.022028484237346026,0.027294709913238263,-0.004717195925050266,0.1882809383212225,-9.487782321848659e-05,0.06437160832148314,0.0012966053487792895,0.20506250117990504,0.25270200040080076,0.4222365817128505,0.0059697808246006205,0.012828313701051905,0.0999495575109239,0.364107493953782
0.01150361910497514,0.008102380400095664,-0.0007040379772349694,-0.0006364153455661638,0.0028273436804475693,-0.005630230920668833,1.316821190583406e-05,0.000761980640288129,0.015594894055319108,-0.0032316752594496734,-6.230376104074398e-05,2.2301616060094176e-05,0.0021679440115492388,-0.0012767435736145971,0.06589072546714005,0.04317055853944515,0.005796091508489644,0.007928231586703215,0.0,0.009775954967058862
0.011429052848385414,0.008443462546600946,-0.0008028345587337941,-0.00032043944406547065,0.0021325852480316154,-0.004028559592746284,0.0007226487033539008,0.0008303790781354458,0.01731550466944487,-0.004033227842209941,-4.069344559051724e-05,4.4991338877142795e-05,0.0014810589467317004,-0.0005810989460331151,0.06603232576908612,0.04730050045817801,0.005793597581899937,0.00793838149133697,0.00032901013017547795,0.010443391785542546
0.01168883423308029,0.00939461299238135,-0.0005003681491146696,0.0006823950886798297,0.002373617340746481,-0.005028122547862113,0.002488093665250135,0.0014900745381587698,-0.0003535290942706659,-0.005566218236522369,-5.117333232934618e-05,9.107962996379726e-05,0.0005691441954970289,-0.00030388876288547917,0.06629891058588284,0.04604919417376557,0.005790554797658493,0.00797335948729498,0.011026799782137168,0.01141514222580618
0.012137399856298373,0.01012480735804958,-5.1837196967587096e-05,0.0013857949426174503,0.0031778430870261776,-0.0062965549796774045,0.003376078575418906,0.0004886845740656009,0.007236362119700468,-0.0022923092927773503,-8.97436971894483e-05,0.00011284349831636176,-0.0002860990865428681,-0.0009230909682777788,0.06669026871480915,0.04221027110460095,0.005784303279010633,0.007974373615064182,0.0018278051826083528,0.012687674433918428
0.011678496884137538,0.009817339120701808,-0.0005001888156896412,0.0014213498633122087,0.0004253575766102191,-0.006136336371813433,0.002049958976304078,-0.001141016923589977,0.001100374647190927,-0.0009874945976631189,-6.706630869099395e-05,0.00010474803227400464,0.0002835823979788765,-0.0013382985314411566,0.06720586103082499,0.0411904031229304,0.005779478348550276,0.007967971537599082,0.0,0.014256308296328155
0.012173233746490566,0.010619971530358614,-3.152132679611931e-05,0.0021800325638528465,5.544604540252962e-05,-0.0018437819211685191,0.0003537296004058277,-0.0010669463749537367,0.0023698985728719535,-0.00495388759257942,3.673827683325914e-05,0.0001599152169243223,0.00011309649650190212,-0.0004694435491024995,0.06784480776917298,0.042459304820100775,0.0057789219347432735,0.00799340305642322,0.0,0.016115260396351642
0.011919865369105775,0.011127437231255165,-0.0002442723087897683,0.0028498910583023562,-0.0008533854205747815,-0.0022309672426867877,-0.001564222048953312,-0.001443367569488163,0.0021398150105061964,0.0016644945785563303,1.6107230050438348e-05,0.00024320743304762082,0.00037579689775915637,0.00028541369714332743,0.06860588101922657,0.042923632884670014,0.005778106380940284,0.007989614202213436,0.0,0.018257699121714908
0.011970350822584682,0.011491493563002865,-0.0003387123159789337,0.003220648239493966,5.632450080406137e-05,-0.0005530509236781889,-0.0011032402856089418,0.00010591453277305484,0.022100023438578753,0.004464381573282772,0.00010663253159207131,0.0003809901408605154,0.00010820312540082977,0.0007674876888283666,0.06948750355775073,0.044393004042774825,0.005777399808862446,0.007975655590760859,0.0,0.020675808931890607
0.011843251220708355,0.012620974431003695,-0.0005002007145097805,0.004341833823332596,0.0014622912512225472,0.005158096166795412,-0.0009073636438438948,0.0024187649476137053,0.0003869041004576079,-0.008302525444237485,4.814583942644446e-05,0.0005200886793255699,-0.0003376100518270586,0.0004912405033373202,0.07048775437599522,0.041991774461007644,0.0057838180718374765,0.008014038262616157,0.0,0.02336086265179057
0.011614218717396133,0.013707551141084535,-0.0006942291537643305,0.0053428367184366506,0.0033325903791967537,0.012716790508696452,-0.00212181934209531,0.0012177495115336724,0.004251061250546639,0.0013694238615954424,-1.9351319814231438e-05,0.00063779897800742,-0.00027814453543781315,0.00413698108689764,0.07160438051764532,0.04594093642064448,0.005791104091929905,0.008045767120868816,0.0,0.026303300548245825
0.011631638428411644,0.015787801705158967,-0.0007372523162442433,0.007540777976626499,0.0015168755655725619,0.017196166641006316,-0.0009741626163999983,0.003017312017321294,-0.00517544495027189,-0.008309891697156901,3.6806926041743626e-06,0.000750364734250053,-0.0013794295874157703,0.003938942398315687,0.07283481433040077,0.05220770990025645,0.005795925191473515,0.008082498576591145,0.012456245411341039,0.02949281486956564
0.01179763111930911,0.016452963827931488,-0.0005771767567262446,0.008166943807306265,-0.00044724927922867863,0.019372036294915018,-0.002590042825027461,0.003203064567688807,0.008845121962071212,0.0014743948644945215,-4.376737750921844e-05,0.0008788847584519921,-0.0014094705206262603,0.004576589629102956,0.07417619501156131,0.05591511140014626,0.0058014883491085325,0.0081054978791721,0.007485331354352928,0.032918438486921185
0.01241130965618527,0.018427756215815244,-0.00012584780310658135,0.010213947299408957,-0.0057116539825148305,0.016082194081233236,-0.002984712075367746,0.0031719045873609296,-0.0061905339175498675,0.003997772173384817,-1.4629234775326294e-05,0.0010510192718536926,-0.001825460943528423,0.0077869258785394635,0.0756253933447027,0.05607450313094851,0.005805437321822642,0.008130723918488176,0.0,0.03656863626866696
0.012087857548456604,0.019201462074001224,-0.0005631367577836298,0.010788903223150242,-0.006292753799424844,0.015815645883304974,-0.0039550204010761255,0.0023891011860995293,0.0002759705004624635,0.001804446688702499,1.5911214112290795e-05,0.0011898603991806755,-0.0018111509683790272,0.006875665752436477,0.07717903865716824,0.06113055352575235,0.005804391956601216,0.008159934188004269,0.0,0.04043139784313872
0.011969785059786655,0.021032546667262328,-0.0007043795661756166,0.012665929062223646,-0.007160708595381982,0.021016302017401234,-0.0020084740350554743,0.005661430903380405,0.0055782776654984545,0.0019866032748472318,5.505566169755616e-05,0.001374106473893133,-0.0005469850214592231,0.007264293991655707,0.07883354715372391,0.06787076796913294,0.0058074763791275295,0.008179663069478205,0.011604258831494402,0.04449433045909618
0.01201738710089717,0.02104377651794194,-0.0007843261454935618,0.01295432208650594,-0.004404019992186647,0.023417212902099527,-0.0023908456111385477,0.0043794892351438856,0.0011075198213947868,0.007115445931367148,0.00019314552833010756,0.0015893672635286515,-0.0015294535317392777,0.006551315142689446,0.08058515083266576,0.07014710764639019,0.005809450098222347,0.008221677213943903,0.008674629129897143,0.04874475073214649
0.011949319963909275,0.02246063402179487,-0.0009460930453067066,0.014473634494540378,-0.0027382737585497363,0.02195770785379958,-0.0008624402647876672,0.005138726014285522,-0.000936092336004446,0.0005935235450096332,0.0002271092043236167,0.00161368366525938,-0.001431752255250579,0.007997602926312603,0.08242992617579337,0.07655422763727945,0.005813575276362159,0.008269318932018967,0.011862401072014516,0.05316977416595619
0.011891687773445327,0.025244377851771554,-0.0010406211741460884,0.017072289021275992,-0.003023440080249129,0.02229339762907756,-0.0017504429610545214,0.004287023456812855,-0.0016162512133601759,0.005872314412705193,0.00019706420170734207,0.001778269101084251,0.0002452630755528096,0.006824676290770687,0.08436382179324695,0.08167895278085069,0.005817612174092117,0.008309964591646575,0.008376763458897324,0.057756401454236876
0.011564638944982357,0.026735257368927276,-0.0013569964019638989,0.01848053284578123,-0.003271524355754174,0.025899042813799955,-0.0012741325845742168,0.0045217007183285364,0.008476957573701704,0.0037942461382332038,0.0002634871864267141,0.0019886623169489415,0.00039791290231439014,0.009646761603852916,0.08638268428539574,0.0821721982531412,0.005822829693617811,0.008325711148275768,0.00882252307251655,0.06249160069867058
0.011586201045502613,0.028893531804172506,-0.0012311816666366326,0.020565541251524086,-0.0008162885275084797,0.028666907460795032,-0.0017212597677176533,0.005945588863289208,0.0024468117811800028,0.006893677777858209,0.0001259686417888206,0.002199437477397148,0.0003987427068537497,0.007035874840883666,0.08848228180382925,0.07841061141420391,0.005829145451705149,0.008361053499380178,0.011060631104986824,0.06736238481447294
0.011479177756704486,0.03157655218117836,-0.0015267240929047934,0.02311194689735368,0.0002417097570728277,0.03139088010264435,-0.00296875418433562,0.005014468060227683,0.005107184134072407,0.0019441450614092748,-1.5905891353168444e-05,0.0024026280341127304,0.00013190692482301092,0.00959643065850524,0.09065832511985464,0.0802486226161053,0.005835312903782171,0.008381747035274464,0.01931412404014527,0.07235588353480354
0.011582433002686798,0.03291968047597997,-0.0013598596389515182,0.024283358053510895,0.0021102516366775514,0.03515570759252906,-0.003892556517042789,0.00394979894478179,0.0010339278231020765,0.006765496134516602,3.4578990701639167e-06,0.0026038626810528376,-0.0012652963301759412,0.010641210336765683,0.09290648633926046,0.07893424849724956,0.005844859479392703,0.008405686399282708,0.03234935773477742,0.07745940956372638
0.011627163555568643,0.035385127837147506,-0.00126528394579699,0.02662938926641436,0.0022891647711034135,0.04168084455847354,-0.004903683952917503,0.0039034684159421906,-0.006298108079370257,0.004652366631481719,0.00011159550972947296,0.002869142202250541,-0.0010630627582572938,0.013196475695875787,0.09522241562403659,0.08251014008333363,0.00585207694846537,0.008431031234020815,0.0030433109863201497,0.08266051856141167
0.011758236227600907,0.0370896900964937,-0.0011870345685215354,0.028370449020231732,0.0026777676488463076,0.041596533185863205,-0.003386360621614559,0.005755728419677952,-0.0038223628327271886,0.004704886228908078,-4.67483330313101e-06,0.003094650875831495,-0.0013159476272468218,0.013728286149561203,0.09760175634580194,0.08783520544036602,0.005857313103525659,0.008482164219097562,0.00873292070343261,0.08794706277183113
0.012135003484474745,0.038164770639829676,-0.0007770604345877542,0.029506099113742947,0.009161321709165948,0.04308290666691006,-0.0032556760700630516,0.005913827861983722,-0.0030388591817795962,0.01342706230134838,3.553968356173609e-05,0.003309669621483935,-0.0007420603897829448,0.015190467709056216,0.10004015904498886,0.0946086026412395,0.005867708158931067,0.008545317253555788,0.0321180794144812,0.09330723822000739
0.011981799147950657,0.04077597248288591,-0.0009921000362672124,0.03216475442316254,0.011372757440296422,0.0483735568532091,-0.0033113573821432207,0.005516643990758718,-0.0019774423211134096,-0.0014696296277878496,-3.231094214586894e-05,0.0036501411370856163,0.0002117978962463407,0.0147464452914354,0.10253329450071408,0.09913772056980119,0.005876258296925613,0.008597004292211967,0.015215759857380873,0.09872962551121763
0.011688448964602985,0.04220293617645101,-0.001230539179567858,0.03386977644743215,0.010410834355628618,0.0497491359871125,-0.0026679677365388566,0.00553912399239972,0.0005671165019442981,0.009077622837393995,2.362477420059239e-05,0.003940080302003657,0.0009200147982085793,0.015584684709902485,0.10507686620078628,0.10340934653447509,0.0058870718967386935,0.00863764586674308,0.023924947947935635,0.10420322435727229
0.011251502370728928,0.04444871693508653,-0.0016026956087950624,0.03611132224943832,0.01139075450467919,0.05380739414642899,-0.002300916895080518,0.006803150468749542,0.0048366680630195225,0.02661299114527793,3.972796022905234e-05,0.0044609860044071414,0.00013420529908525491,0.018938805187276586,0.10766662253253291,0.10563214912559961,0.005895699942047719,0.0086780570443245,0.037684200429281944,0.10971748203448438
0.011594878180147424,0.04638671515012298,-0.0011949767228673514,0.038213386679280745,0.01359144078478125,0.055941961368091375,-0.0034857909007098955,0.005070050799649106,0.011942000513319728,0.009304128390792976,3.924726536616574e-05,0.004719962497725105,0.0001684834454405426,0.01914755375197541,0.11029836901595406,0.11025132460048861,0.005904744959159067,0.008736622948347246,0.04755401958017273,0.11526231604406877
0.011769035463540693,0.04918824302895448,-0.0010758747571737743,0.040973321633386225,0.015124457087939414,0.06182905006934458,-0.003329072131018518,0.0041418688209994056,-0.0035287701231798696,0.018050510633600858,-4.288832515148e-05,0.00484980745985697,-0.0012710768583493182,0.019334726589043866,0.11296798078604542,0.11596812077238024,0.005907996405342515,0.008771431791390684,0.03155970126054653,0.12082813129872862
0.011719452716302967,0.052542763863588846,-0.0010561499617303856,0.04453184614367692,0.016669060995206486,0.06516788859880607,-0.0019703401686386847,0.005390024554030548,0.000653481587517768,0.020637412303784908,-2.801561307078093e-05,0.0052383826588976445,0.00021113412286824507,0.02278564725944618,0.1156714152772622,0.11782539162319844,0.005910364776532383,0.008804043705274074,0.024218933856254683,0.12640583219968707
0.011946660397417274,0.05449751434280552,-0.0008320455043343694,0.046301143785908175,0.013293572991502245,0.07150856560738683,-0.0028223298086463623,0.005654828890544461,0.0032360111892622,0.01697540807634801,-1.9729708088639386e-05,0.005506317003354799,-1.905196302512402e-05,0.022281853607674262,0.11840472473845391,0.12004746913004759,0.005922822215796815,0.008842387336349811,0.006250188790336494,0.13198682999725211
0.011720939606431582,0.05741018330633142,-0.0011058953218652193,0.04924973113835887,0.009080377996141697,0.07697557052480097,-0.003401759554129291,0.0066892147743650935,0.0006471792122824116,0.0034760699270620643,-8.414258605177194e-05,0.005833396736390384,-0.0005127228302803655,0.025544585865266145,0.12116406794539203,0.12649975943238737,0.005938837482187843,0.0089057743178631,0.012374038170319084,0.13756304584619114
0.012389762460774634,0.059082795708051715,-0.000492300779956099,0.05102854272634706,0.005494501781270644,0.08058163952104125,-0.004620869457378029,0.005973333771286971,0.004224968075658753,0.010101951203874804,6.464735072739258e-05,0.006122583947885785,-9.924972373884233e-05,0.028055963156593616,0.12394572041025387,0.12950702989235024,0.005952715374248538,0.008983496395816006,0.023841634950661442,0.143126909975895
0.012593731414789157,0.06170740377955783,-0.00039206494183274994,0.05356861192795999,0.0024968673679361952,0.0819186631167339,-0.005675303374583429,0.0060642489499670325,0.0016081600543678132,0.018915528709165796,2.21199471057143e-05,0.0065674821322943,0.00041331768011346193,0.02911797344904371,0.12674608256321382,0.13645509603854775,0.00596164023842612,0.009026488677744825,0.03173844255679813,0.14867135739573195
0.012978520218560817,0.06371097024088584,-1.2570680429391592e-05,0.0557381526878118,0.0024878790920865868,0.08281930964369866,-0.0047851726548338355,0.006756831654753081,0.0015354008194863322,0.025733758614764013,-1.1615908850626244e-06,0.00682364747118458,0.00036226659142776785,0.02973187000748642,0.12956168573480933,0.14646303593195156,0.0059715714915912635,0.009077095970970476,0.044767366494653245,0.15418982054937594
0.013074706417911895,0.06655864382599147,0.000181747378179423,0.05871547364115569,0.0005320873413747762,0.08625423910454466,-0.005499258599425028,0.006093949876010185,0.013484426532913596,0.03389247913161364,-4.524033017686002e-05,0.007289329310926629,-0.0004376209699951117,0.030414950391905587,0.13238919614748407,0.15054413441989653,0.0059776583564779395,0.00914713988827554,0.05291951671213852,0.15967621931942297
0.013121728093746003,0.06957684127326957,0.00017746067819712254,0.06165196927197299,-0.00062587665849545,0.09015236395060433,-0.007123290238702795,0.005474722982306335,-0.005227785898679338,0.037652305250689855,-7.909219204493834e-05,0.007718065512089645,-0.0010116370259399543,0.034334413098260824,0.13522541737454316,0.15576593183296747,0.005980150689014158,0.00920747017505215,0.05362400890799892,0.16512494876645184
0.01262057939478979,0.07226733705298949,-0.0004994578372494885,0.06444844904779781,0.0005002394894311202,0.0967084750676912,-0.007886574731544416,0.006199485569272234,-0.0020221201508070497,0.02062993932994428,0.00017926133416473755,0.007670215181956874,-0.0016332994494012432,0.03579760684165845,0.13806729176462174,0.15675904522781156,0.0059843948335123855,0.009257911829874486,0.04639028614095708,0.1705308649658907
0.012508633964266012,0.07447477934901625,-0.0007395646528016876,0.06670158702527954,-0.0028478746610713923,0.10196472939557566,-0.007940091803001093,0.0065031161796657464,-0.00042194416551999403,0.025294439206497765,6.542765978595488e-05,0.008377917359244869,-0.0013750127933169487,0.03669812303014533,0.14091190118658645,0.1588611557224626,0.005990406224392684,0.009323897032314303,0.04358808506183657,0.17588926928259757
0.012996815858507883,0.07705172679472436,-0.00033344750606442534,0.06931684015116191,-0.0062133162017334875,0.10873733969559218,-0.006829282290864968,0.009513804149366634,0.004835750585216347,0.02474609161780239,8.750296451887074e-05,0.008658636487985594,-0.0023089380565422535,0.03763076843710034,0.14375646722682447,0.16503912512180863,0.00599954566048891,0.009369193499458526,0.04714029888201558,0.18119589139782163
0.01322719159329657,0.07920789146118329,-9.32313421747235e-05,0.0714499351811332,-0.006190317585722527,0.11076979813858645,-0.006692348235799584,0.011305205906586357,0.028671606002468764,0.026995114423810085,0.00018593411491463208,0.009004879558335621,-0.0017870237404228329,0.03939165578090306,0.1465983507840381,0.1670091990846588,0.006008161728370656,0.009426002127116605,0.03939832406237841,0.18644687137692428
0.013394585559597858,0.08141686605532308,7.436132846334528e-05,0.07353847681609028,-0.002065822534857542,0.11569980092760357,-0.00757861118788925,0.013051008506891115,0.028254131592889586,0.04823615004922688,3.089458135926981e-05,0.009561025505941623,-0.001018979387143959,0.042620339986814054,0.14943505092893447,0.17468146232551168,0.0060194672598828,0.009490922553029942,0.04006511827013073,0.1916387410395709
0.012585086424314572,0.08368947600969218,-0.0007758937299623438,0.07574446996727183,-0.001351187593483294,0.12259548709419787,-0.008420089471186864,0.013153789972270924,0.005948054263859026,0.013017148646235155,6.449401619551542e-05,0.009972178412435362,-0.0011870338746381714,0.04321970034488751,0.1522642029359504,0.17883906164639723,0.006029959911643709,0.009559406980396977,0.04312760142794484,0.1967684048675817
0.012499572932398288,0.0871915533179407,-0.0008341222172219276,0.07922326073661062,0.0004921632241166041,0.12916095191102794,-0.009179819621530649,0.01258274139596186,0.0022660676454245854,0.026556660027520662,6.483817517993762e-05,0.010359411945122687,-0.0012201309811325778,0.04488609437929905,0.15508357550826385,0.17932322064550746,0.006037061090715998,0.009620649930833424,0.044770072223208654,0.2018331206597065
0.012378561022296107,0.09102871674460268,-0.0009161599482779836,0.08299691470996413,0.004045911347095643,0.1330435745956251,-0.00918032994365221,0.013611547831348703,-0.007377837275091448,0.042837428932492094,0.00014998102103749855,0.010780828878757531,-0.0008034480121691945,0.04721570275787379,0.15789106734316236,0.18232719945815135,0.006046746181647659,0.009693814159252379,0.04412585251924863,0.20683048011760988
0.012416425565484654,0.09313186068173768,-0.0007631446615984413,0.0849714320922253,0.006659187919727971,0.13988556687099352,-0.00881541229486874,0.014128908528284068,0.0016330340941032029,0.046143056899927926,0.00019486433616167087,0.011214402320762096,-0.001037221934406335,0.04819260501588293,0.16068470327103015,0.18667569732130992,0.006057055690494646,0.009745833647870874,0.06283325789400834,0.21175838952358803
0.01237647519668843,0.09498652172198457,-0.0007367833764571896,0.0868100806147063,0.005595267569948437,0.1405673093608617,-0.009495531432104899,0.012968693199509006,0.012488730994626884,0.05000279379599637,0.00016941014869675808,0.011889868961151295,-0.00026723487954333214,0.049634320141939636,0.16346263022454313,0.1919384262069023,0.006063412965732134,0.009814902584773888,0.06402151939508743,0.2166150506481877
0.012153852855217282,0.09828935646382733,-0.0008894977574390815,0.09023892053437613,0.0016817669750757158,0.1435602534435283,-0.009699133834683626,0.013342481780469307,0.010284830670241663,0.02785838720719913,0.00036641488942554257,0.01216991396325473,-0.0006024917779561823,0.052805682483884786,0.16622311325996808,0.19568876779276506,0.006069605792513167,0.009860124166617797,0.0739121852363679,0.22139894200508564
0.011924320536806431,0.10087750011914846,-0.0012120830858487683,0.0929694741758735,0.0020991036952449083,0.1478121185838166,-0.009556865704383832,0.01483471626490913,0.040924821808804523,0.05150758428104063,0.00019902762588741574,0.012858686012054643,-0.0009179694504696523,0.0560204547183101,0.16896453178179685,0.20177183415027802,0.006077722927351822,0.009925991517210651,0.07393825199170208,0.2261088005513966
0.011966824163996885,0.1039831273246448,-0.001111107857223563,0.09601104293133192,0.0028692093519555595,0.14810594460729765,-0.011099424635695253,0.013786844802064258,0.002036045640814388,0.06717318180898157,0.0001923185391656257,0.013540408385105285,-0.001974960546325233,0.0595359294856756,0.1716853760411862,0.20963458574736143,0.006081421401497234,0.009993032989414645,0.0583380170582082,0.23074360391404347
0.012410395915732215,0.10708182635813263,-0.0007932512257436148,0.0992417210682644,0.004630833121107569,0.15238734000277,-0.01001750155901684,0.014602250711466602,0.003888179333636388,0.048698482963843936,7.258845962432314e-05,0.014372259284782585,-0.0019550926043139794,0.06115075462953104,0.1743842439080263,0.21623764328833445,0.006080959179311813,0.010073491843334522,0.04713386481443076,0.23530255320693244
0.012543247603141836,0.10948001095812955,-0.0006321875653253171,0.10172273061838492,0.002632681135653847,0.16275740158898833,-0.010590294145548185,0.014083955542537408,0.0004900256897100164,0.03920147820681685,3.512553819803865e-05,0.015075615622737404,-0.001753332502247018,0.06301376744965728,0.1770598378667192,0.22218984710921016,0.006081893393029182,0.010145824639303852,0.05654951799721333,0.23978505648940304
0.01240167457091262,0.11173342430738623,-0.0008796793641977062,0.10384025167003078,4.7833860254753446e-05,0.17028021509645552,-0.01152942586516471,0.013480990018845573,-0.000909873310173559,0.04934082357938663,0.00026449066289616074,0.014790096532462216,-0.0013983091014870275,0.06507167388971918,0.17971096215916244,0.2252584922145401,0.006087979925544848,0.0102214868926787,0.07234241144695025,0.24419071290370842
0.012315014408835133,0.11439392851010578,-0.0009905582148473698,0.10648412663743992,0.0053373904970017705,0.17386388934701946,-0.011204711437645166,0.01400603762478515,0.0010770056642097625,0.06951220763564192,3.3244470527243886e-05,0.015835345949704593,-0.001637487732038423,0.06816610084474162,0.18233651999169329,0.2321743056565029,0.006095354153518557,0.010283732840826084,0.06665141171481864,0.2485192975180407
0.011921836216781709,0.11580017148181526,-0.00143925275299105,0.107684874175349,0.006322251640350718,0.17573489120551122,-0.011231042224288801,0.013676438419562864,0.01908710117503265,0.056008088570958625,8.777617813107708e-05,0.016580381471101635,-0.0013653295322721415,0.06888738827025648,0.1849355107301334,0.23931964366717567,0.006103102190309932,0.010337400149872663,0.07479765205160471,0.2527707468917874
0.0120841490520258,0.11724216143444219,-0.0012442825957353233,0.1090469713737234,0.007906801054139878,0.17862347326407346,-0.011560759907506424,0.01455555703760244,0.00648324982184989,0.05288108924940005,0.00015024541938812863,0.016839653388964093,-0.0013363567477781002,0.07356569532534121,0.1875070270226814,0.24373197983477046,0.006111683901309187,0.010399976937513267,0.06346690358062353,0.2569451453711545
0.011826997017542482,0.11947727116553328,-0.001418415094518866,0.11139832090567416,0.009338020779917633,0.18370452806863247,-0.012835610814797217,0.014223692405563215,0.00011244860237946686,0.054603443829051246,0.0001139554495492856,0.01744611595251533,-0.0015419886369981428,0.07760984819160693,0.19005025180936583,0.2495580745713719,0.006118499049432147,0.010457285902046854,0.08462934384980295,0.2610427121159638
0.011591630508416335,0.12322280053491282,-0.00176245751983449,0.11531956919292959,0.0072572146176375085,0.19084919985419524,-0.01416905758202811,0.014017369049917305,0.0017411992478318927,0.07759165196276607,0.00012067627143994009,0.01823665177915801,-0.002655671028687273,0.07526824538630394,0.1925644551956197,0.2517220758207387,0.006124952396053709,0.010526741562106222,0.09128806284087165,0.26506378885218795
0.011774226254897864,0.12669824833240365,-0.0014388288723397816,0.11871029249256088,0.003981984409953787,0.1958009789123889,-0.015196913529368172,0.013577513845517086,0.007991055297016048,0.07711509340474176,0.0001255142582456681,0.018793759525849163,-0.002510207054096797,0.08003556893653546,0.19504899118413965,0.259942718182606,0.006129403803631768,0.010605496873268644,0.08653787390608737,0.26900882833955214
0.011716894339488896,0.1310218387975914,-0.0013987993657875123,0.12308453458023941,0.0016431347534486829,0.20414648212193565,-0.015093625635104458,0.015158549336319983,0.009114531570755924,0.05124552466119847,7.053711826759956e-05,0.019680703736982497,-0.0018204829732240968,0.08502007579797238,0.19750329427245497,0.26736912765467685,0.006134448449080694,0.010670738122631807,0.10507417620862922,0.2728783835391876
0.012029331114896666,0.1330839409466598,-0.0010769282479867193,0.12523310540054194,-0.0007732135778826255,0.20900881391361192,-0.016277388548142136,0.014749692150468152,-0.002684615751733066,0.07677686493048108,9.164237291031663e-05,0.020183361409709777,-0.0007228282017712473,0.08493699333620341,0.19992687593324973,0.27264042365337926,0.006136369239576512,0.010735347311640603,0.09920418166048767,0.27667309746279456
0.01182192854495458,0.1366261367573628,-0.0012498375741475491,0.1289881770200137,-0.002738740704999909,0.21363817114046713,-0.017210509488814953,0.014623997444187752,0.0058082150278844225,0.07021777415508113,2.2381050061054397e-05,0.02024213827361998,-0.00029674831232326393,0.08634148246135975,0.2023193210006423,0.2773679258595757,0.006137294075652572,0.010805600881779105,0.10173411106226693,0.28039369368195655
0.011511798499441183,0.1396045367989721,-0.0015492903737092441,0.1320014585041832,0.00034144417624415446,0.21632710134855415,-0.01666018228653977,0.014700873510583846,-0.005351005540456644,0.06154032656850017,4.353749888053038e-05,0.02098963007653576,-0.0001472382213670853,0.08757212932201225,0.20468028398882923,0.28257894010102313,0.006136209377463512,0.010865345716550638,0.09912425932281696,0.2840409674740599
0.011264659470460452,0.14217166459283997,-0.0017942482388029445,0.13467440808688647,0.0008001675446698275,0.2191494449447271,-0.01644980405094878,0.015706003058505846,-0.0037259672517910847,0.06725543283319746,9.243347622145404e-05,0.021838617404005056,-0.0010586819276398318,0.09298796658702241,0.20700948537039476,0.28561850919384113,0.0061335587844799895,0.010924727361837664,0.09242188447359201,0.2876157775796527
0.011569388315743626,0.14394465937467582,-0.0014263393620585676,0.1362727682935878,0.0006607957913791207,0.22216268412630025,-0.017854777265845813,0.015527356464387077,0.004113094992921007,0.060391054814444955,9.557420570774355e-05,0.022824921645512086,-0.000605941479260963,0.09594213905484938,0.20930670784084718,0.2901638796630846,0.006130150153083977,0.01098512728820182,0.06819483680813555,0.2911190385449227
0.011508925843430953,0.1471539946882494,-0.0014828316732102918,0.13952125627515682,-0.0010309619760495714,0.22665949415325137,-0.017823433317546534,0.01721675026484898,0.009278231892100308,0.06478089148070576,6.672895342729745e-05,0.022890798552674285,0.00012954130024259158,0.0948586436681266,0.21157179259418882,0.2953737507948233,0.0061302744958739485,0.011047468736431205,0.08117933324700755,0.2945517136222486
0.01143110059981365,0.14914258623793378,-0.0014890916785290122,0.14142929494837633,4.898001153597065e-05,0.2294037491806984,-0.018122655267957,0.017358669790325444,0.00610355730442147,0.07566173626137884,0.00010327268455331828,0.023789749646237146,0.00039372432617632014,0.10137334334955614,0.2138046356320693,0.3018704045385881,0.006129330094438623,0.011106206623466385,0.07341240600508904,0.29791480820140004
0.01137802387906569,0.15195768165811296,-0.001448989095658942,0.14431130179588178,0.003358630650364125,0.2357918011063358,-0.01905729423168686,0.017325856544745732,0.005356400907148284,0.09710686125539392,5.987856206721154e-05,0.024618651254112667,0.0003064643456460181,0.10476279351255141,0.21600518412667236,0.3072908042008241,0.006126316014086005,0.01118559782809129,0.0831071916085732,0.3012093637438977
0.011453407885049779,0.1557605557382372,-0.0014245897060338845,0.14806771028639878,0.003694314546186739,0.24403441500618528,-0.017732383917410076,0.019434930301161602,0.0024128199564283914,0.11973749036330372,2.6836312639999527e-05,0.0254603923852621,0.0005997350459363004,0.10835775543046108,0.21817343285518287,0.31001875412688795,0.006123021668390804,0.011251467203655672,0.08993536610575972,0.30443645219321347
0.011268869451514193,0.1575491432653386,-0.001570904092450946,0.1498632447374069,0.00428994619274814,0.25052316310694,-0.0170423180717701,0.020828791884881313,0.0022658222347038404,0.10156842736565097,-4.2500414746682313e-05,0.02652897431219503,0.00030730255480765356,0.10687663183082313,0.22030942072156523,0.31440622231918425,0.006121435151676114,0.01133241442198864,0.09110043734666225,0.307597170833894
0.01125000243105747,0.15982860332254847,-0.0016368930452867626,0.1519655571550518,0.0037237227090616276,0.2528829483421935,-0.01779788239962814,0.021282504351242282,0.011945020702048614,0.10978163437552779,-3.494375782309156e-05,0.026671674517221078,0.00016271186433608475,0.11362712324024804,0.22241322737947894,0.32185584196436334,0.006119743358455548,0.011402789181160508,0.09353799338966075,0.3106926375732449
0.011200937506485811,0.1621469475460971,-0.001708717241391695,0.1543293154640809,0.0038080468301939785,0.25832461880220303,-0.016905270416193552,0.023019991748145806,0.0017533756233477638,0.09519671863310164,-3.568086361371847e-05,0.028020590954042746,0.00016089597580171144,0.11673112015239126,0.22448496996841105,0.32510756443304645,0.006119480578471494,0.01147733378441417,0.08410528892622907,0.31372398661992007
0.011142154832950443,0.16420305329622814,-0.0017379683128167789,0.15640559775986299,0.00377487423604439,0.26470628574893307,-0.017925173356924496,0.023082920490277825,-0.0009021297688445173,0.09904881805461296,-7.695603517793304e-05,0.02918084213866523,-0.00011732518052712249,0.11905486995463868,0.22652479997344954,0.33123733453527193,0.006119315236255018,0.011550708404026822,0.09784079381774811,0.31669236453456495
0.01129242813668474,0.16782385400191585,-0.0016313147741988509,0.16015870628887297,0.002580049129945472,0.2719331023519356,-0.019213737656064843,0.02258150898258602,-0.0025955969989563954,0.09951998751381519,-7.661729353578006e-05,0.029656594808688652,0.0004107447561037536,0.11977268649026093,0.2285329002174918,0.33610065668780426,0.006121213557142369,0.011624475152926207,0.10601499952482385,0.31959892662856093
0.011576623995211066,0.16986475062981257,-0.0014161573564516073,0.1620424555476738,0.004192958407346792,0.27804903399316405,-0.019569241880185495,0.02231516457065643,-0.002570668762988282,0.07916045120023352,-3.621641036155587e-05,0.02936914728574469,0.00034734856473270237,0.12039429899192075,0.23050948199303029,0.3403770829445902,0.006123928246950812,0.011693993405992144,0.11310379089656934,0.3224448336878666
0.011766684641735387,0.17446515298457188,-0.0013224689304579956,0.16660196969134242,0.0043016980256223025,0.2805017950819251,-0.018902409817664577,0.022407213794852922,-0.007397842563196422,0.10589211904748852,1.761826047419479e-05,0.030208001834277853,-0.0004516648802511958,0.1288731757150065,0.23245478233896158,0.34759854321555883,0.006123930683373615,0.011744393181408323,0.1287031012179271,0.32523124899995126
0.011917300704754186,0.17655548303018823,-0.0012251958354279457,0.16874291355715934,0.002659517918774945,0.284533346197285,-0.018037733113032417,0.02320982833672197,0.0011671926883470851,0.09594649468132344,1.4962726329365017e-05,0.030714097406636,-8.34874268101915e-06,0.12895742195651863,0.23436906146613934,0.35151355305786836,0.006122454630696391,0.011799256623441078,0.12772229219548814,0.3279593356628306
0.012103091484370124,0.17954900545156086,-0.0010091485005921212,0.17179705929854472,-0.0005528256459998993,0.2881447594824056,-0.017849181759657183,0.02354445835026945,0.020373138394719548,0.1117021070465063,1.5624030496375063e-05,0.03321114238540335,-0.000871665843257291,0.13331056760966734,0.2362526003336632,0.35527003998396744,0.0061231770304814685,0.01186793544324742,0.12403683305344118,0.33063025415625996
0.011929147520078402,0.183380404019092,-0.0012014950752239646,0.17565562838244003,0.0002786827547061055,0.2905838222253848,-0.018306456456462984,0.022560953989612515,0.012126380561436556,0.10295294663354448,-2.7026307596100807e-05,0.03340955981246929,-0.00022810155196509307,0.1410894650016331,0.2381056983762141,0.3619194161351948,0.0061254964788080655,0.011950589881271522,0.10717948678290468,0.3332451601561545
0.011864012867733718,0.18568712410708307,-0.0012467869185505166,0.17802036331453508,-0.0007724655268508407,0.294718132879346,-0.01965373240743008,0.02101385323654431,-0.003714092688891446,0.13810344007396114,-4.1442498532773264e-05,0.03521450329823872,0.0008852646739259395,0.14195948906987035,0.2399286713811618,0.3649818141485316,0.006126335122037834,0.012013135677658151,0.1099502156365534,0.3358052025743546
0.011958681855886454,0.18784369916784666,-0.0011383936374569081,0.18034027668264196,-0.0013378446151142143,0.3000237242969245,-0.020749172600340017,0.02114118699568815,-0.0060886562738136085,0.12128953152152255,-6.116744778400518e-05,0.03583228009986006,0.0006963631249906344,0.1427027042022281,0.24172184951273432,0.3728625079398226,0.006126624750184791,0.012079449558179134,0.12025119371465662,0.3383115218068357
0.011952559593548663,0.19150714626210796,-0.001227101156941919,0.18404512727955294,-0.0008890148563311939,0.3069782966315462,-0.020479026154137568,0.02252030008132657,-0.010956333177680522,0.15085464191292597,2.2623972238650092e-05,0.03688045647789573,0.0006134790356563946,0.14856817273844727,0.24348557547928687,0.37441146250054946,0.006125032009469521,0.012140952235151607,0.12248803082327515,0.34076524817447285
0.011872503388778386,0.1943693458355061,-0.0012094410958316294,0.1869065488351355,-0.0027596051118159437,0.31323359909639215,-0.020595775335915244,0.023739917881427607,0.004743834742789277,0.08824673984761766,-0.00011565577797623128,0.0361137022496143,3.067396883646434e-05,0.1510076287839849,0.24522020283867166,0.3780960435808192,0.0061235341710151,0.01218657231297839,0.10975689270317447,0.34316750054140244
0.011867886658680325,0.1970467698024791,-0.001216036911636402,0.18953540324466636,-0.003236024104124491,0.32072537100005316,-0.019935999492207146,0.024567069946212744,0.00267178110049604,0.12212728204133061,-5.734968832338261e-05,0.03735628986078732,-0.0005801130953549116,0.15335574508764538,0.24692609443589905,0.38104644512583774,0.0061209426302818995,0.012229104157134634,0.10606477096752313,0.34551938509697144
0.011864937312428343,0.1989635269622476,-0.0011228795022063549,0.19140501966984713,-0.0035295090252129846,0.32611005366622714,-0.02078466487804158,0.02395819247847806,-0.006780460042018488,0.1314606996733898,-1.9623101533028375e-05,0.03938102584181746,-0.0004920541996289718,0.15791111210423375,0.24860362096669283,0.38249333956765297,0.006119150668254548,0.012311018540395699,0.11262342819499975,0.3478219942881315
0.011748679950908277,0.19989109594734317,-0.001236385169615507,0.19240103448156967,-0.004863056640506791,0.3297951976371931,-0.021001334846433205,0.024658771331582695,0.014736850865872286,0.12599777457173078,3.189400133388198e-05,0.04040182126088099,-0.0005664126067516928,0.16257284020261614,0.2502531596601679,0.3868791358939175,0.006117409403108689,0.012362208761511822,0.10982686556922536,0.35007640589001154
0.011619957961044158,0.2002624636285324,-0.0013939349498606063,0.19273036296790838,-0.0039963896511678865,0.33510927583781625,-0.020264837220416155,0.025675969496240257,-0.00616806291230243,0.12331651710869129,2.6533430251274304e-06,0.04098107144917451,-0.00011335213969812519,0.16461975698210438,0.2518750930736714,0.39232125535650936,0.006116335166498674,0.012432237419601332,0.11334045013291674,0.35228368220319706
0.01143148412521582,0.20340462189767883,-0.0016450882299126855,0.19586835017165558,-0.003849854147631726,0.33761839848461017,-0.020189786529269303,0.026147991803965064,-0.007820345344953683,0.15576670075956134,1.2797966716271425e-05,0.04203228664147929,-0.0007049660658924595,0.16949062100977888,0.2534698079927997,0.3988662172650116,0.006114800455468634,0.012502353645441958,0.11967156616963516,0.35444486936703895
0.011378285048896748,0.2041020597962393,-0.0016901232730453849,0.19658224666822186,-0.0028562483831111596,0.343102653809358,-0.0205772608385937,0.026006642335045814,-0.01368213113641259,0.18629562480441886,-8.148834041257769e-05,0.04157175777676492,-0.0005654007430582475,0.17150676172271526,0.2550376944297068,0.40564908519061466,0.006114223764196743,0.012563395473351164,0.11729909259579088,0.3565609967790386
0.011450326374836598,0.20551424121406506,-0.0016473712927381461,0.19800449824291472,-0.0012906431342127878,0.35034697261806247,-0.020960113191110442,0.026286919679738025,-0.013254831827281155,0.14124872097624208,4.0776654369661935e-05,0.044105020120892124,-0.0006603936366832985,0.1780520744911611,0.2565791447130161,0.41032476353466363,0.006113660443140919,0.012626858636921397,0.11662376826566145,0.3586330766110616
0.011587286414854316,0.2076519190397718,-0.0014755440733114234,0.20020812945676605,-0.0014007589810469678,0.3560367545410891,-0.02142089632804677,0.02574016219478021,-0.0028925912867039383,0.13545682182266083,9.150503088528605e-06,0.044902124941401445,1.690924616881695e-05,0.1804060265927542,0.2580945526629131,0.41273421793746295,0.006112570930905292,0.012672228313956344,0.12489458062158855,0.36066210341379423
0.0114638256203724,0.20865740223519932,-0.0015391780035923647,0.20127537464668985,-0.0017962367325912165,0.3613320677606414,-0.02182567478998102,0.026464732408770637,-0.00961945118088603,0.1322165781485477,-3.4013818814015995e-06,0.04580072563203896,-9.537222997108019e-05,0.18291389991372597,0.2595843128453014,0.4161689644159417,0.006110604596085763,0.01274840946851709,0.12674542369380995,0.36264905380147344
0.01151647057032856,0.21025620463999087,-0.0014281811152689755,0.2029099112956173,-0.0003019033674156457,0.36657215602315196,-0.020920212609893962,0.027444116997340933,-0.006270648155600522,0.13778760162829595,-3.501872524366845e-05,0.04680678382668657,0.00046698297179201265,0.1888873462977157,0.2610488198992313,0.4177926807229935,0.0061084922797243115,0.012826122753074981,0.11907889080253252,0.36459488620951286
0.011161402406172086,0.21194110731933996,-0.0017921205736835186,0.20469338445326482,-0.00021381854678614864,0.3709155761313514,-0.020614224232656096,0.027680291113088916,-0.0002802157429551144,0.1827434697172251,-0.000165380976192675,0.04754978184267422,-0.0005313294969024052,0.19281707750267332,0.2624884679321316,0.4225710507515858,0.0061062276429135675,0.012906001623641524,0.11801588569676115,0.36650054071819804
0.011205112567761275,0.213130463875723,-0.0017459651231000357,0.20597540684531643,-0.00110393261449504,0.37494152411400283,-0.020335798164895023,0.027673736812008333,-0.002631513826700571,0.16216774562852865,-1.0737835199642332e-05,0.04895385567794497,-0.0007881960497506946,0.1945998166459555,0.263903649977695,0.4273148886430262,0.006103495578362693,0.012965993174133689,0.1284990919081881,0.3683669389361364
0.011324671928919512,0.21536505949583673,-0.0016130534464705842,0.20818087220772727,5.0358089729751754e-05,0.37977903455774975,-0.020109174161258438,0.027796849634839065,-0.0010836542317660403,0.16680238271502046,6.129448189090558e-05,0.04964450033074641,-0.001975850869830209,0.19996146651655042,0.26529475751155956,0.4321674551647009,0.006100744701836399,0.013020850476714328,0.137330171291832,0.37019498393763534
0.011331790126463794,0.21650442214567384,-0.0016172716555338217,0.20928332400297245,-0.0005169333725609793,0.3883551190231418,-0.02097363194257107,0.02764554869559486,-0.01415954858923496,0.17655075268241782,3.6924404639593345e-05,0.050832425852655794,-0.002285750195325842,0.20071521697021702,0.26666218002020164,0.435091185870544,0.006097047522569955,0.013073440921161078,0.1433716701504646,0.3719855602486343
0.011282895101957277,0.21856009045193836,-0.0016395843806886069,0.21130089195000604,9.235088400427749e-05,0.393246843080465,-0.022430018954151032,0.027010840710408213,-0.005342624536384566,0.17331767677147947,4.859746786903263e-05,0.051629245988255024,-0.0016900363402435337,0.20807704508999855,0.26800630461870645,0.4395675902561935,0.006092825631491753,0.013149192118111726,0.14045891272187513,0.3737395338762382
0.011330474100967644,0.21906260579411407,-0.001575114781968692,0.2117938696404112,0.0028476961685002244,0.39563742025844617,-0.02222790692546517,0.027318007703249398,0.02330542972716043,0.1366596430091056,0.000182730475718762,0.052728462429752154,-0.0021484464851981022,0.21397406795513715,0.26932751571330454,0.44288382474476107,0.006088892369119558,0.01318771538860494,0.14677121622891942,0.3754577523772913
0.011409327350211397,0.22041851045496316,-0.0014295382967620448,0.21349740658332775,0.0032100249570001793,0.40264686439984987,-0.021154607202039356,0.028551646238909174,-0.001504460360733706,0.17052175066041764,8.28966731712677e-05,0.05357885562804254,-0.0021126457457929237,0.21347977017771252,0.27062619470477106,0.4461991968551018,0.006085030467677974,0.013245573980023219,0.15282483505609437,0.3771410449618033
